{
    "name": "Cryos",
    "description": "Players start around a single ocean that covers a third of the planet. While most metal is on land, gaining naval superiority is a huge advantage.",
    "creator": "SonicBlue22",
    "version": "1.0",
    "players": [ 2, 4 ],
    "planets": [
        {
            "name": "Kryss",
            "mass": 10000,
            "position_x": 125000,
            "position_y": 0,
            "velocity_x": -0.0000027645507998386165,
            "velocity_y": 63.24555206298828,
            "required_thrust_to_move": 0,
            "starting_planet": true,
            "respawn": false,
            "start_destroyed": false,
            "min_spawn_delay": 0,
            "max_spawn_delay": 0,
            "planet": {
                "seed": 157527584,
                "radius": 500,
                "heightRange": 35,
                "waterHeight": 40,
                "waterDepth": 100,
                "temperature": 0,
                "metalDensity": 0,
                "metalClusters": 0,
                "metalSpotLimit": -1,
                "biomeScale": 50,
                "biome": "earth",
                "symmetryType": "none",
                "symmetricalMetal": false,
                "symmetricalStarts": false,
                "numArmies": 2,
                "landingZonesPerArmy": 1,
                "landingZoneSize": 0
            },
            "planetCSG": [
                {
                    "weight": [
                        1,
                        1,
                        1,
                        1
                    ],
                    "spec": "/pa/terrain/ice/brushes/ice_cliff_09.json",
                    "proj": "BP_Bend",
                    "transform": [
                        0.021274477243423462,
                        0.7178738713264465,
                        -0.6958481073379517,
                        -343.83587646484375,
                        -0.2274012714624405,
                        0.6812372207641602,
                        0.6958481073379517,
                        343.83587646484375,
                        0.9735687971115112,
                        0.14343297481536865,
                        0.17773836851119995,
                        87.82495880126953
                    ],
                    "op": "BO_Add",
                    "rotation": 5.351512432098389,
                    "scale": [
                        1,
                        1,
                        1
                    ],
                    "height": 494.1249084472656,
                    "position": [
                        -343.8359375,
                        343.8359375,
                        87.82492065429688
                    ],
                    "weightHard": true,
                    "weightScale": [
                        2,
                        2,
                        2
                    ],
                    "mirrored": false,
                    "twinId": 0,
                    "flooded": false,
                    "pathable": false,
                    "mergeable": false,
                    "no_features": false
                },
                {
                    "weight": [
                        1,
                        1,
                        1,
                        1
                    ],
                    "spec": "/pa/terrain/ice/brushes/ice_cliff_09.json",
                    "proj": "BP_Bend",
                    "transform": [
                        0.39559435844421387,
                        0.49845272302627563,
                        0.7713948488235474,
                        382.87933349609375,
                        -0.1800735890865326,
                        0.8657034635543823,
                        -0.46704503893852234,
                        -231.8162841796875,
                        -0.9005990624427795,
                        0.04585254192352295,
                        0.4322255849838257,
                        214.5337677001953
                    ],
                    "op": "BO_Add",
                    "rotation": 5.789633750915527,
                    "scale": [
                        1,
                        1,
                        1
                    ],
                    "height": 496.34674072265625,
                    "position": [
                        382.87933349609375,
                        -231.81629943847656,
                        214.5337371826172
                    ],
                    "weightHard": true,
                    "weightScale": [
                        2,
                        2,
                        2
                    ],
                    "mirrored": false,
                    "twinId": 0,
                    "flooded": false,
                    "pathable": false,
                    "mergeable": false,
                    "no_features": false
                },
                {
                    "weight": [
                        1,
                        1,
                        1,
                        1
                    ],
                    "spec": "/pa/terrain/ice/brushes/ice_cliff_09.json",
                    "proj": "BP_Bend",
                    "transform": [
                        0.1366252452135086,
                        -0.9264618754386902,
                        -0.3507162630558014,
                        -176.96136474609375,
                        0.7903624773025513,
                        -0.11149007827043533,
                        0.6024094820022583,
                        303.95855712890625,
                        -0.5972108244895935,
                        -0.3594973087310791,
                        0.7170083522796631,
                        361.7818603515625
                    ],
                    "op": "BO_Add",
                    "rotation": 1.556156873703003,
                    "scale": [
                        1,
                        1,
                        1
                    ],
                    "height": 504.5713195800781,
                    "position": [
                        -176.96136474609375,
                        303.9585266113281,
                        361.7818298339844
                    ],
                    "weightHard": true,
                    "weightScale": [
                        2,
                        2,
                        2
                    ],
                    "mirrored": false,
                    "twinId": 0,
                    "flooded": false,
                    "pathable": false,
                    "mergeable": false,
                    "no_features": false
                },
                {
                    "weight": [
                        1,
                        1,
                        1,
                        1
                    ],
                    "spec": "/pa/terrain/ice/brushes/ice_cliff_11.json",
                    "proj": "BP_Bend",
                    "transform": [
                        0.23429225385189056,
                        0.05178144574165344,
                        0.9707861542701721,
                        482.36566162109375,
                        0.8173938393592834,
                        0.5300904512405396,
                        -0.2255469411611557,
                        -112.07009887695312,
                        -0.5262836813926697,
                        0.8463584780693054,
                        0.08187025785446167,
                        40.679813385009766
                    ],
                    "op": "BO_Add",
                    "rotation": 0.7862018942832947,
                    "scale": [
                        1,
                        1,
                        1
                    ],
                    "height": 496.8814697265625,
                    "position": [
                        482.36566162109375,
                        -112.07009887695312,
                        40.67979049682617
                    ],
                    "weightHard": true,
                    "weightScale": [
                        4,
                        4,
                        4
                    ],
                    "mirrored": false,
                    "twinId": 0,
                    "flooded": false,
                    "pathable": false,
                    "mergeable": false,
                    "no_features": false
                },
                {
                    "weight": [
                        1,
                        1,
                        1,
                        1
                    ],
                    "spec": "/pa/terrain/ice/brushes/ice_cliff_11.json",
                    "proj": "BP_Bend",
                    "transform": [
                        0.28868162631988525,
                        0.8075013756752014,
                        -0.5143969655036926,
                        -258.29010009765625,
                        -0.10525692999362946,
                        0.5607818961143494,
                        0.8212456703186035,
                        412.3656005859375,
                        0.9516215324401855,
                        -0.18293476104736328,
                        0.24688255786895752,
                        123.9651870727539
                    ],
                    "op": "BO_Add",
                    "rotation": 5.46188497543335,
                    "scale": [
                        1,
                        1,
                        1
                    ],
                    "height": 502.1221008300781,
                    "position": [
                        -258.2901916503906,
                        412.36572265625,
                        123.96516418457031
                    ],
                    "weightHard": true,
                    "weightScale": [
                        4,
                        4,
                        4
                    ],
                    "mirrored": false,
                    "twinId": 0,
                    "flooded": false,
                    "pathable": false,
                    "mergeable": false,
                    "no_features": false
                },
                {
                    "weight": [
                        1,
                        1,
                        1,
                        1
                    ],
                    "spec": "/pa/terrain/ice/brushes/ice_cliff_11.json",
                    "proj": "BP_Bend",
                    "transform": [
                        0.022271975874900818,
                        0.030542368069291115,
                        -0.9992853403091431,
                        -497.5741271972656,
                        -0.9942998290061951,
                        -0.10356857627630234,
                        -0.025326348841190338,
                        -12.610748291015625,
                        -0.10426808148622513,
                        0.9941533803939819,
                        0.02806156873703003,
                        13.972696304321289
                    ],
                    "op": "BO_Add",
                    "rotation": 4.633228778839111,
                    "scale": [
                        1,
                        1,
                        1
                    ],
                    "height": 497.92999267578125,
                    "position": [
                        -497.5741271972656,
                        -12.610748291015625,
                        13.972747802734375
                    ],
                    "weightHard": true,
                    "weightScale": [
                        4,
                        4,
                        4
                    ],
                    "mirrored": false,
                    "twinId": 0,
                    "flooded": false,
                    "pathable": false,
                    "mergeable": false,
                    "no_features": false
                },
                {
                    "weight": [
                        1,
                        1,
                        1,
                        1
                    ],
                    "spec": "/pa/terrain/ice/brushes/ice_cliff_11.json",
                    "proj": "BP_Bend",
                    "transform": [
                        -0.3573124408721924,
                        0.7281416654586792,
                        0.5849251747131348,
                        295.8694152832031,
                        0.9091311693191528,
                        0.12763750553131104,
                        0.39647072553634644,
                        200.54457092285156,
                        0.2140284776687622,
                        0.6734377145767212,
                        -0.7075828313827515,
                        -357.91265869140625
                    ],
                    "op": "BO_Add",
                    "rotation": 2.474196434020996,
                    "scale": [
                        1,
                        1,
                        1
                    ],
                    "height": 505.82440185546875,
                    "position": [
                        295.8693542480469,
                        200.5445098876953,
                        -357.9127502441406
                    ],
                    "weightHard": true,
                    "weightScale": [
                        4,
                        4,
                        4
                    ],
                    "mirrored": false,
                    "twinId": 0,
                    "flooded": false,
                    "pathable": false,
                    "mergeable": false,
                    "no_features": false
                },
                {
                    "weight": [
                        1,
                        1,
                        1,
                        1
                    ],
                    "spec": "/pa/terrain/ice/brushes/ice_cliff_09.json",
                    "proj": "BP_Bend",
                    "transform": [
                        0.31430426239967346,
                        -0.8157563209533691,
                        0.4855455160140991,
                        242.80084228515625,
                        -0.29626327753067017,
                        0.4016337990760803,
                        0.866555392742157,
                        433.32781982421875,
                        -0.9019095301628113,
                        -0.41621139645576477,
                        -0.11544346809387207,
                        -57.72840881347656
                    ],
                    "op": "BO_Add",
                    "rotation": 0.6277089715003967,
                    "scale": [
                        1,
                        1,
                        1
                    ],
                    "height": 500.0578308105469,
                    "position": [
                        242.8008575439453,
                        433.3278503417969,
                        -57.72840881347656
                    ],
                    "weightHard": true,
                    "weightScale": [
                        2,
                        2,
                        2
                    ],
                    "mirrored": false,
                    "twinId": 0,
                    "flooded": false,
                    "pathable": false,
                    "mergeable": false,
                    "no_features": false
                },
                {
                    "weight": [
                        1,
                        1,
                        1,
                        1
                    ],
                    "spec": "/pa/terrain/ice/brushes/ice_cliff_09.json",
                    "proj": "BP_Bend",
                    "transform": [
                        -0.004908829927444458,
                        -0.5210086107254028,
                        -0.8535373210906982,
                        -430.365234375,
                        0.9210430979728699,
                        0.330045223236084,
                        -0.20676030218601227,
                        -104.25138854980469,
                        0.38942980766296387,
                        -0.7871595621109009,
                        0.47825121879577637,
                        241.14083862304688
                    ],
                    "op": "BO_Add",
                    "rotation": 1.3490365743637085,
                    "scale": [
                        1,
                        1,
                        1
                    ],
                    "height": 504.2137451171875,
                    "position": [
                        -430.365234375,
                        -104.25138854980469,
                        241.140869140625
                    ],
                    "weightHard": true,
                    "weightScale": [
                        2,
                        2,
                        2
                    ],
                    "mirrored": false,
                    "twinId": 0,
                    "flooded": false,
                    "pathable": false,
                    "mergeable": false,
                    "no_features": false
                },
                {
                    "weight": [
                        1,
                        1,
                        1,
                        1
                    ],
                    "spec": "/pa/terrain/ice/brushes/ice_cliff_11.json",
                    "proj": "BP_Bend",
                    "transform": [
                        -0.9718648195266724,
                        0.1688750684261322,
                        0.1641952246427536,
                        82.00505065917969,
                        -0.22526901960372925,
                        -0.8700209856033325,
                        -0.43853995203971863,
                        -219.02276611328125,
                        0.06879483908414841,
                        -0.46318966150283813,
                        0.8835850954055786,
                        441.2944641113281
                    ],
                    "op": "BO_Add",
                    "rotation": 3.352402687072754,
                    "scale": [
                        1,
                        1,
                        1
                    ],
                    "height": 499.436279296875,
                    "position": [
                        82.00505828857422,
                        -219.0227813720703,
                        441.29449462890625
                    ],
                    "weightHard": true,
                    "weightScale": [
                        4,
                        4,
                        4
                    ],
                    "mirrored": false,
                    "twinId": 0,
                    "flooded": false,
                    "pathable": false,
                    "mergeable": false,
                    "no_features": false
                },
                {
                    "weight": [
                        1,
                        1,
                        1,
                        1
                    ],
                    "spec": "/pa/terrain/ice/brushes/ice_cliff_11.json",
                    "proj": "BP_Bend",
                    "transform": [
                        -0.24594926834106445,
                        -0.8520761728286743,
                        0.462033748626709,
                        232.40933227539062,
                        0.9681453704833984,
                        -0.23903992772102356,
                        0.07452797889709473,
                        37.48860168457031,
                        0.04694099724292755,
                        0.46564599871635437,
                        0.8837252259254456,
                        444.52593994140625
                    ],
                    "op": "BO_Add",
                    "rotation": 1.831191897392273,
                    "scale": [
                        1,
                        1,
                        1
                    ],
                    "height": 503.01373291015625,
                    "position": [
                        232.4093017578125,
                        37.48859405517578,
                        444.52593994140625
                    ],
                    "weightHard": true,
                    "weightScale": [
                        4,
                        4,
                        4
                    ],
                    "mirrored": false,
                    "twinId": 0,
                    "flooded": false,
                    "pathable": false,
                    "mergeable": false,
                    "no_features": false
                },
                {
                    "weight": [
                        1,
                        1,
                        1,
                        1
                    ],
                    "spec": "/pa/terrain/ice/brushes/ice_cliff_09.json",
                    "proj": "BP_Bend",
                    "transform": [
                        0.6834436058998108,
                        -0.3833956718444824,
                        -0.6212185621261597,
                        -312.010009765625,
                        0.3399491012096405,
                        0.9202302694320679,
                        -0.1939353197813034,
                        -97.40495300292969,
                        0.6460180282592773,
                        -0.07863882184028625,
                        0.7592604756355286,
                        381.34222412109375
                    ],
                    "op": "BO_Add",
                    "rotation": 0.423730731010437,
                    "scale": [
                        1,
                        1,
                        1
                    ],
                    "height": 502.25482177734375,
                    "position": [
                        -312.01007080078125,
                        -97.40496063232422,
                        381.3421936035156
                    ],
                    "weightHard": true,
                    "weightScale": [
                        2,
                        2,
                        2
                    ],
                    "mirrored": false,
                    "twinId": 0,
                    "flooded": false,
                    "pathable": false,
                    "mergeable": false,
                    "no_features": false
                },
                {
                    "weight": [
                        1,
                        1,
                        1,
                        1
                    ],
                    "spec": "/pa/terrain/ice/brushes/ice_cliff_09.json",
                    "proj": "BP_Bend",
                    "transform": [
                        -0.5874251127243042,
                        0.7834845781326294,
                        0.2026910036802292,
                        102.08888244628906,
                        -0.6135183572769165,
                        -0.5944684743881226,
                        0.519810140132904,
                        261.8114929199219,
                        0.5277566909790039,
                        0.1809948831796646,
                        0.8298878073692322,
                        417.987548828125
                    ],
                    "op": "BO_Add",
                    "rotation": 4.010209560394287,
                    "scale": [
                        1,
                        1,
                        1
                    ],
                    "height": 503.66754150390625,
                    "position": [
                        102.08885955810547,
                        261.81146240234375,
                        417.9875183105469
                    ],
                    "weightHard": true,
                    "weightScale": [
                        2,
                        2,
                        2
                    ],
                    "mirrored": false,
                    "twinId": 0,
                    "flooded": false,
                    "pathable": false,
                    "mergeable": false,
                    "no_features": false
                },
                {
                    "weight": [
                        1,
                        1,
                        1,
                        1
                    ],
                    "spec": "/pa/terrain/ice/brushes/ice_cliff_09.json",
                    "proj": "BP_Bend",
                    "transform": [
                        -0.16497954726219177,
                        0.9339109063148499,
                        -0.31716230511665344,
                        -156.19703674316406,
                        0.9404649138450623,
                        0.24584458768367767,
                        0.2347041815519333,
                        115.58782196044922,
                        0.2971654236316681,
                        -0.25955861806869507,
                        -0.9188697338104248,
                        -452.5277099609375
                    ],
                    "op": "BO_Add",
                    "rotation": 0.08087179809808731,
                    "scale": [
                        1,
                        1,
                        1
                    ],
                    "height": 492.4830017089844,
                    "position": [
                        -156.19692993164062,
                        115.58773803710938,
                        -452.5279235839844
                    ],
                    "weightHard": true,
                    "weightScale": [
                        2,
                        2,
                        2
                    ],
                    "mirrored": false,
                    "twinId": 0,
                    "flooded": false,
                    "pathable": false,
                    "mergeable": false,
                    "no_features": false
                },
                {
                    "weight": [
                        1,
                        1,
                        1,
                        1
                    ],
                    "spec": "/pa/terrain/ice/brushes/ice_cliff_11.json",
                    "proj": "BP_Bend",
                    "transform": [
                        0.5415077209472656,
                        0.023324400186538696,
                        -0.8403722047805786,
                        -425.0737609863281,
                        0.5030592679977417,
                        0.7919107675552368,
                        0.3461339473724365,
                        175.08010864257812,
                        0.6735731959342957,
                        -0.6101912260055542,
                        0.4170922636985779,
                        210.9719696044922
                    ],
                    "op": "BO_Add",
                    "rotation": 0.3453591465950012,
                    "scale": [
                        1,
                        1,
                        1
                    ],
                    "height": 505.8160705566406,
                    "position": [
                        -425.0736999511719,
                        175.08010864257812,
                        210.97201538085938
                    ],
                    "weightHard": true,
                    "weightScale": [
                        4,
                        4,
                        4
                    ],
                    "mirrored": false,
                    "twinId": 0,
                    "flooded": false,
                    "pathable": false,
                    "mergeable": false,
                    "no_features": false
                },
                {
                    "weight": [
                        1,
                        1,
                        1,
                        1
                    ],
                    "spec": "/pa/terrain/ice/brushes/ice_cliff_11.json",
                    "proj": "BP_Bend",
                    "transform": [
                        0.30648115277290344,
                        -0.5594640970230103,
                        0.7701098322868347,
                        379.37652587890625,
                        0.5137389898300171,
                        -0.5838730335235596,
                        -0.6286211609840393,
                        -309.6754455566406,
                        0.8013373613357544,
                        0.5882959365844727,
                        0.10847246646881104,
                        53.4364128112793
                    ],
                    "op": "BO_Add",
                    "rotation": 1.8237316608428955,
                    "scale": [
                        1,
                        1,
                        1
                    ],
                    "height": 492.62652587890625,
                    "position": [
                        379.3764953613281,
                        -309.6754150390625,
                        53.43642807006836
                    ],
                    "weightHard": true,
                    "weightScale": [
                        4,
                        4,
                        4
                    ],
                    "mirrored": false,
                    "twinId": 0,
                    "flooded": false,
                    "pathable": false,
                    "mergeable": false,
                    "no_features": false
                },
                {
                    "weight": [
                        1,
                        1,
                        1,
                        1
                    ],
                    "spec": "/pa/terrain/ice/brushes/ice_cliff_09.json",
                    "proj": "BP_Bend",
                    "transform": [
                        -0.2533457279205322,
                        0.2679365575313568,
                        -0.9295299649238586,
                        -454.1068420410156,
                        -0.1912231743335724,
                        0.9280474185943604,
                        0.3196275532245636,
                        156.1488800048828,
                        0.9482877850532532,
                        0.2587239444255829,
                        -0.18388116359710693,
                        -89.83216857910156
                    ],
                    "op": "BO_Add",
                    "rotation": 5.685641288757324,
                    "scale": [
                        1,
                        1,
                        1
                    ],
                    "height": 488.5338439941406,
                    "position": [
                        -454.1067810058594,
                        156.1488494873047,
                        -89.8321762084961
                    ],
                    "weightHard": true,
                    "weightScale": [
                        2,
                        2,
                        2
                    ],
                    "mirrored": false,
                    "twinId": 0,
                    "flooded": false,
                    "pathable": false,
                    "mergeable": false,
                    "no_features": false
                },
                {
                    "weight": [
                        1,
                        1,
                        1,
                        1
                    ],
                    "spec": "/pa/terrain/ice/brushes/ice_cliff_09.json",
                    "proj": "BP_Bend",
                    "transform": [
                        0.14516937732696533,
                        0.9829156398773193,
                        -0.11314892768859863,
                        -58.07149887084961,
                        -0.8296090364456177,
                        0.1832413375377655,
                        0.5274196267127991,
                        270.68792724609375,
                        0.5391425490379333,
                        0.0173041969537735,
                        0.8420367240905762,
                        432.1590576171875
                    ],
                    "op": "BO_Add",
                    "rotation": 4.891633987426758,
                    "scale": [
                        1,
                        1,
                        1
                    ],
                    "height": 513.2306518554688,
                    "position": [
                        -58.071495056152344,
                        270.68792724609375,
                        432.1590576171875
                    ],
                    "weightHard": true,
                    "weightScale": [
                        2,
                        2,
                        2
                    ],
                    "mirrored": false,
                    "twinId": 0,
                    "flooded": false,
                    "pathable": false,
                    "mergeable": false,
                    "no_features": false
                },
                {
                    "weight": [
                        1,
                        1,
                        1,
                        1
                    ],
                    "spec": "/pa/terrain/ice/brushes/ice_cliff_11.json",
                    "proj": "BP_Bend",
                    "transform": [
                        -0.1083744466304779,
                        -0.9670138359069824,
                        -0.23051927983760834,
                        -115.26446533203125,
                        0.39539557695388794,
                        0.17082449793815613,
                        -0.9024862051010132,
                        -451.2619934082031,
                        0.9120950102806091,
                        -0.1889527440071106,
                        0.3638399839401245,
                        181.9276123046875
                    ],
                    "op": "BO_Add",
                    "rotation": 1.524990439414978,
                    "scale": [
                        1,
                        1,
                        1
                    ],
                    "height": 500.02093505859375,
                    "position": [
                        -115.26448059082031,
                        -451.2620544433594,
                        181.92764282226562
                    ],
                    "weightHard": true,
                    "weightScale": [
                        4,
                        4,
                        4
                    ],
                    "mirrored": false,
                    "twinId": 0,
                    "flooded": false,
                    "pathable": false,
                    "mergeable": false,
                    "no_features": false
                },
                {
                    "weight": [
                        1,
                        1,
                        1,
                        1
                    ],
                    "spec": "/pa/terrain/ice/brushes/ice_cliff_10.json",
                    "proj": "BP_Bend",
                    "transform": [
                        0.17945921421051025,
                        -0.9835522174835205,
                        0.02047940343618393,
                        10.254337310791016,
                        -0.7271775007247925,
                        -0.11860280483961105,
                        0.6761261224746704,
                        338.5462646484375,
                        -0.66257643699646,
                        -0.1362292319536209,
                        -0.7365014553070068,
                        -368.7770690917969
                    ],
                    "op": "BO_Add",
                    "rotation": 1.3377368450164795,
                    "scale": [
                        1,
                        1,
                        1
                    ],
                    "height": 500.71466064453125,
                    "position": [
                        10.254337310791016,
                        338.5462341308594,
                        -368.7769470214844
                    ],
                    "weightHard": true,
                    "weightScale": [
                        2,
                        2,
                        2
                    ],
                    "mirrored": false,
                    "twinId": 0,
                    "flooded": false,
                    "pathable": false,
                    "mergeable": false,
                    "no_features": false
                },
                {
                    "weight": [
                        1,
                        1,
                        1,
                        1
                    ],
                    "spec": "/pa/terrain/ice/brushes/ice_cliff_06.json",
                    "proj": "BP_Bend",
                    "transform": [
                        -0.7113183736801147,
                        -0.4198235273361206,
                        0.563714861869812,
                        280.0121154785156,
                        0.572040319442749,
                        0.12023191154003143,
                        0.81136554479599,
                        403.02679443359375,
                        -0.4084067940711975,
                        0.8996068239212036,
                        0.1546328067779541,
                        76.81021881103516
                    ],
                    "op": "BO_Add",
                    "rotation": 2.1082215309143066,
                    "scale": [
                        1,
                        1,
                        1
                    ],
                    "height": 496.7265319824219,
                    "position": [
                        280.01214599609375,
                        403.02685546875,
                        76.81016540527344
                    ],
                    "weightHard": true,
                    "weightScale": [
                        2,
                        2,
                        2
                    ],
                    "mirrored": false,
                    "twinId": 0,
                    "flooded": false,
                    "pathable": false,
                    "mergeable": false,
                    "no_features": false
                },
                {
                    "weight": [
                        1,
                        1,
                        1,
                        1
                    ],
                    "spec": "/pa/terrain/ice/brushes/ice_cliff_06.json",
                    "proj": "BP_Bend",
                    "transform": [
                        -0.7626631855964661,
                        -0.496054470539093,
                        -0.4150601327419281,
                        -209.0711669921875,
                        0.4913797080516815,
                        -0.8616517186164856,
                        0.12689481675624847,
                        63.91856384277344,
                        -0.4205840229988098,
                        -0.10717412829399109,
                        0.9009010791778564,
                        453.7955322265625
                    ],
                    "op": "BO_Add",
                    "rotation": 2.5953786373138428,
                    "scale": [
                        1,
                        1,
                        1
                    ],
                    "height": 503.71295166015625,
                    "position": [
                        -209.0711669921875,
                        63.91857147216797,
                        453.7955322265625
                    ],
                    "weightHard": true,
                    "weightScale": [
                        2,
