{
    "name": "Disperse",
    "description": "Not that the planet will collide on its own, it's just crowded.",
    "creator": "SonicBlue22",
    "version": "1.0",
    "players": [ 2, 8 ],
    "planets": [
        {
            "name": "Stribbs",
            "mass": 10000,
            "position_x": 36800,
            "position_y": 15300,
            "velocity_x": 43.000240325927734,
            "velocity_y": -103.42540740966797,
            "required_thrust_to_move": 5,
            "starting_planet": true,
            "respawn": false,
            "start_destroyed": false,
            "min_spawn_delay": 0,
            "max_spawn_delay": 0,
            "planet": {
                "seed": 720937920,
                "radius": 500,
                "heightRange": 35,
                "waterHeight": 34,
                "waterDepth": 100,
                "temperature": 0,
                "metalDensity": 0,
                "metalClusters": 0,
                "metalSpotLimit": -1,
                "biomeScale": 50,
                "biome": "earth",
                "symmetryType": "none",
                "symmetricalMetal": false,
                "symmetricalStarts": false,
                "numArmies": 2,
                "landingZonesPerArmy": 0,
                "landingZoneSize": 0
            },
            "planetCSG": [
                {
                    "weight": [
                        1,
                        1,
                        1,
                        1
                    ],
                    "spec": "/pa/terrain/ice/brushes/ice_cliff_11.json",
                    "proj": "BP_Bend",
                    "transform": [
                        0.05048021674156189,
                        -0.7462965250015259,
                        0.663696825504303,
                        323.47955322265625,
                        -0.9874451160430908,
                        0.0623001754283905,
                        0.14515799283981323,
                        70.7486343383789,
                        -0.1496793031692505,
                        -0.6626917719841003,
                        -0.7337819337844849,
                        -357.63836669921875
                    ],
                    "op": "BO_Add",
                    "rotation": 5.149847984313965,
                    "scale": [
                        1,
                        1,
                        1
                    ],
                    "height": 487.3905334472656,
                    "position": [
                        323.4795227050781,
                        70.74862670898438,
                        -357.6383056640625
                    ],
                    "weightHard": true,
                    "weightScale": [
                        4,
                        4,
                        4
                    ],
                    "mirrored": false,
                    "twinId": 0,
                    "flooded": false,
                    "pathable": false,
                    "mergeable": false,
                    "no_features": false
                },
                {
                    "weight": [
                        1,
                        1,
                        1,
                        1
                    ],
                    "spec": "/pa/terrain/ice/brushes/ice_cliff_11.json",
                    "proj": "BP_Bend",
                    "transform": [
                        -0.7055367827415466,
                        -0.18653009831905365,
                        -0.6836843490600586,
                        -339.5326232910156,
                        0.47063785791397095,
                        -0.8445995450019836,
                        -0.25524798035621643,
                        -126.76173400878906,
                        -0.5298280715942383,
                        -0.5018545389175415,
                        0.683684229850769,
                        339.5325622558594
                    ],
                    "op": "BO_Add",
                    "rotation": 2.7406184673309326,
                    "scale": [
                        1,
                        1,
                        1
                    ],
                    "height": 496.62188720703125,
                    "position": [
                        -339.53265380859375,
                        -126.76175689697266,
                        339.5325927734375
                    ],
                    "weightHard": true,
                    "weightScale": [
                        4,
                        4,
                        4
                    ],
                    "mirrored": false,
                    "twinId": 0,
                    "flooded": false,
                    "pathable": false,
                    "mergeable": false,
                    "no_features": false
                },
                {
                    "weight": [
                        1,
                        1,
                        1,
                        1
                    ],
                    "spec": "/pa/terrain/ice/brushes/ice_cliff_11.json",
                    "proj": "BP_Bend",
                    "transform": [
                        -0.4339742958545685,
                        -0.006596654653549194,
                        0.9009010791778564,
                        460.0360412597656,
                        0.8569939732551575,
                        0.3054283857345581,
                        0.4150601327419281,
                        211.94625854492188,
                        -0.27789878845214844,
                        0.9521921873092651,
                        -0.12689471244812012,
                        -64.79750061035156
                    ],
                    "op": "BO_Add",
                    "rotation": 1.7185618877410889,
                    "scale": [
                        1,
                        1,
                        1
                    ],
                    "height": 510.639892578125,
                    "position": [
                        460.03607177734375,
                        211.94627380371094,
                        -64.79757690429688
                    ],
                    "weightHard": true,
                    "weightScale": [
                        4,
                        4,
                        4
                    ],
                    "mirrored": false,
                    "twinId": 0,
                    "flooded": false,
                    "pathable": false,
                    "mergeable": false,
                    "no_features": false
                },
                {
                    "weight": [
                        1,
                        1,
                        1,
                        1
                    ],
                    "spec": "/pa/terrain/ice/brushes/ice_cliff_11.json",
                    "proj": "BP_Bend",
                    "transform": [
                        0.3088715076446533,
                        0.08918476849794388,
                        -0.9469130635261536,
                        -475.2249755859375,
                        -0.09042377769947052,
                        -0.9883306622505188,
                        -0.12258079648017883,
                        -61.51932907104492,
                        -0.9467955827713013,
                        0.12348516285419464,
                        -0.2972027063369751,
                        -149.15640258789062
                    ],
                    "op": "BO_Add",
                    "rotation": 3.400022029876709,
                    "scale": [
                        1,
                        1,
                        1
                    ],
                    "height": 501.8675842285156,
                    "position": [
                        -475.2250671386719,
                        -61.51934051513672,
                        -149.1563720703125
                    ],
                    "weightHard": true,
                    "weightScale": [
                        4,
                        4,
                        4
                    ],
                    "mirrored": false,
                    "twinId": 0,
                    "flooded": false,
                    "pathable": false,
                    "mergeable": false,
                    "no_features": false
                },
                {
                    "weight": [
                        1,
                        1,
                        1,
                        1
                    ],
                    "spec": "/pa/terrain/ice/brushes/ice_cliff_11.json",
                    "proj": "BP_Bend",
                    "transform": [
                        0.4289923310279846,
                        0.6844027638435364,
                        0.5895406603813171,
                        293.1669006347656,
                        0.2650081515312195,
                        -0.7192844152450562,
                        0.6421840190887451,
                        319.34539794921875,
                        0.863559901714325,
                        -0.11925897002220154,
                        -0.48993992805480957,
                        -243.63742065429688
                    ],
                    "op": "BO_Add",
                    "rotation": 4.106937885284424,
                    "scale": [
                        1,
                        1,
                        1
                    ],
                    "height": 497.2801818847656,
                    "position": [
                        293.16693115234375,
                        319.345458984375,
                        -243.63746643066406
                    ],
                    "weightHard": true,
                    "weightScale": [
                        4,
                        4,
                        4
                    ],
                    "mirrored": false,
                    "twinId": 0,
                    "flooded": false,
                    "pathable": false,
                    "mergeable": false,
                    "no_features": false
                },
                {
                    "weight": [
                        1,
                        1,
                        1,
                        1
                    ],
                    "spec": "/pa/terrain/ice/brushes/ice_cliff_11.json",
                    "proj": "BP_Bend",
                    "transform": [
                        -0.5754083395004272,
                        0.43860793113708496,
                        -0.6903102993965149,
                        -353.06298828125,
                        -0.7053465843200684,
                        0.1611143797636032,
                        0.6903102993965149,
                        353.06298828125,
                        0.4139944314956665,
                        0.8841183185577393,
                        0.21666401624679565,
                        110.81399536132812
                    ],
                    "op": "BO_Add",
                    "rotation": 4.364923000335693,
                    "scale": [
                        1,
                        1,
                        1
                    ],
                    "height": 511.4554748535156,
                    "position": [
                        -353.0630187988281,
                        353.0630187988281,
                        110.8139877319336
                    ],
                    "weightHard": true,
                    "weightScale": [
                        4,
                        4,
                        4
                    ],
                    "mirrored": false,
                    "twinId": 0,
                    "flooded": false,
                    "pathable": false,
                    "mergeable": false,
                    "no_features": false
                },
                {
                    "weight": [
                        1,
                        1,
                        1,
                        1
                    ],
                    "spec": "/pa/terrain/ice/brushes/ice_cliff_11.json",
                    "proj": "BP_Bend",
                    "transform": [
                        0.44313281774520874,
                        -0.8297604918479919,
                        -0.3393091559410095,
                        -165.25588989257812,
                        0.357898086309433,
                        0.5107801556587219,
                        -0.7816729545593262,
                        -380.703125,
                        0.8219137191772461,
                        0.22494688630104065,
                        0.5233131647109985,
                        254.87252807617188
                    ],
                    "op": "BO_Add",
                    "rotation": 0.8941145539283752,
                    "scale": [
                        1,
                        1,
                        1
                    ],
                    "height": 487.0363464355469,
                    "position": [
                        -165.2559051513672,
                        -380.70318603515625,
                        254.87258911132812
                    ],
                    "weightHard": true,
                    "weightScale": [
                        4,
                        4,
                        4
                    ],
                    "mirrored": false,
                    "twinId": 0,
                    "flooded": false,
                    "pathable": false,
                    "mergeable": false,
                    "no_features": false
                },
                {
                    "weight": [
                        1,
                        1,
                        1,
                        1
                    ],
                    "spec": "/pa/terrain/ice/brushes/ice_cliff_09.json",
                    "proj": "BP_Bend",
                    "transform": [
                        0.5911359786987305,
                        -0.6949577331542969,
                        0.40938010811805725,
                        211.23826599121094,
                        -0.08576010912656784,
                        -0.5588341355323792,
                        -0.8248332142829895,
                        -425.61016845703125,
                        0.8019998073577881,
                        0.4524800479412079,
                        -0.3899465799331665,
                        -201.2106475830078
                    ],
                    "op": "BO_Add",
                    "rotation": 1.5178223848342896,
                    "scale": [
                        1,
                        1,
                        1
                    ],
                    "height": 515.9954223632812,
                    "position": [
                        211.23825073242188,
                        -425.6101379394531,
                        -201.2106475830078
                    ],
                    "weightHard": true,
                    "weightScale": [
                        2,
                        2,
                        2
                    ],
                    "mirrored": false,
                    "twinId": 0,
                    "flooded": false,
                    "pathable": false,
                    "mergeable": false,
                    "no_features": false
                },
                {
                    "weight": [
                        1,
                        1,
                        1,
                        1
                    ],
                    "spec": "/pa/terrain/ice/brushes/ice_cliff_09.json",
                    "proj": "BP_Bend",
                    "transform": [
                        -0.8361281752586365,
                        0.44444891810417175,
                        0.3214884102344513,
                        156.80738830566406,
                        -0.5043720006942749,
                        -0.8533263206481934,
                        -0.13207212090492249,
                        -64.41875457763672,
                        0.21563519537448883,
                        -0.27257898449897766,
                        0.9376578330993652,
                        457.34674072265625
                    ],
                    "op": "BO_Add",
                    "rotation": 3.653308629989624,
                    "scale": [
                        1,
                        1,
                        1
                    ],
                    "height": 487.75439453125,
                    "position": [
                        156.80738830566406,
                        -64.41876983642578,
                        457.3467102050781
                    ],
                    "weightHard": true,
                    "weightScale": [
                        2,
                        2,
                        2
                    ],
                    "mirrored": false,
                    "twinId": 0,
                    "flooded": false,
                    "pathable": false,
                    "mergeable": false,
                    "no_features": false
                },
                {
                    "weight": [
                        1,
                        1,
                        1,
                        1
                    ],
                    "spec": "/pa/terrain/ice/brushes/ice_cliff_09.json",
                    "proj": "BP_Bend",
                    "transform": [
                        -0.6832874417304993,
                        -0.47374269366264343,
                        0.5555952787399292,
                        272.108154296875,
                        0.30738648772239685,
                        -0.8768571019172668,
                        -0.36964190006256104,
                        -181.0356903076172,
                        0.6622928380966187,
                        -0.08178919553756714,
                        0.7447675466537476,
                        364.757080078125
                    ],
                    "op": "BO_Add",
                    "rotation": 2.677403211593628,
                    "scale": [
                        1,
                        1,
                        1
                    ],
                    "height": 489.7596435546875,
                    "position": [
                        272.108154296875,
                        -181.0356903076172,
                        364.757080078125
                    ],
                    "weightHard": true,
                    "weightScale": [
                        2,
                        2,
                        2
                    ],
                    "mirrored": false,
                    "twinId": 0,
                    "flooded": false,
                    "pathable": false,
                    "mergeable": false,
                    "no_features": false
                },
                {
                    "weight": [
                        1,
                        1,
                        1,
                        1
                    ],
                    "spec": "/pa/terrain/ice/brushes/ice_cliff_09.json",
                    "proj": "BP_Bend",
                    "transform": [
                        0.7726489901542664,
                        -0.6343300342559814,
                        0.025275295600295067,
                        12.458244323730469,
                        -0.6339299082756042,
                        -0.7688143849372864,
                        0.08400797098875046,
                        41.40769577026367,
                        -0.03385677561163902,
                        -0.08093144744634628,
                        -0.9961445331573486,
                        -491.00164794921875
                    ],
                    "op": "BO_Add",
                    "rotation": 0.10396240651607513,
                    "scale": [
                        1,
                        1,
                        1
                    ],
                    "height": 492.9020080566406,
                    "position": [
                        12.458255767822266,
                        41.40774154663086,
                        -491.0016174316406
                    ],
                    "weightHard": true,
                    "weightScale": [
                        2,
                        2,
                        2
                    ],
                    "mirrored": false,
                    "twinId": 0,
                    "flooded": false,
                    "pathable": false,
                    "mergeable": false,
                    "no_features": false
                },
                {
                    "weight": [
                        1,
                        1,
                        1,
                        1
                    ],
                    "spec": "/pa/terrain/ice/brushes/ice_cliff_09.json",
                    "proj": "BP_Bend",
                    "transform": [
                        -0.33508867025375366,
                        0.6548503041267395,
                        0.6774116158485413,
                        330.80731201171875,
                        -0.4932701587677002,
                        -0.7345019578933716,
                        0.4660380184650421,
                        227.5850830078125,
                        0.8027453422546387,
                        -0.1779828667640686,
                        0.5691413283348083,
                        277.9345703125
                    ],
                    "op": "BO_Add",
                    "rotation": 3.9623863697052,
                    "scale": [
                        1,
                        1,
                        1
                    ],
                    "height": 488.3401184082031,
                    "position": [
                        330.80731201171875,
                        227.5850830078125,
                        277.93463134765625
                    ],
                    "weightHard": true,
                    "weightScale": [
                        2,
                        2,
                        2
                    ],
                    "mirrored": false,
                    "twinId": 0,
                    "flooded": false,
                    "pathable": false,
                    "mergeable": false,
                    "no_features": false
                },
                {
                    "weight": [
                        1,
                        1,
                        1,
                        1
                    ],
                    "spec": "/pa/terrain/ice/brushes/ice_cliff_09.json",
                    "proj": "BP_Bend",
                    "transform": [
                        -0.7021753191947937,
                        -0.3479040861129761,
                        -0.6212186217308044,
                        -314.604736328125,
                        -0.5679081082344055,
                        0.7999183535575867,
                        0.1939353495836258,
                        98.2149887084961,
                        0.4294532835483551,
                        0.4889717698097229,
                        -0.7592605352401733,
                        -384.5135192871094
                    ],
                    "op": "BO_Add",
                    "rotation": 5.13047456741333,
                    "scale": [
                        1,
                        1,
                        1
                    ],
                    "height": 506.43157958984375,
                    "position": [
                        -314.6047668457031,
                        98.21499633789062,
                        -384.51348876953125
                    ],
                    "weightHard": true,
                    "weightScale": [
                        2,
                        2,
                        2
                    ],
                    "mirrored": false,
                    "twinId": 0,
                    "flooded": false,
                    "pathable": false,
                    "mergeable": false,
                    "no_features": false
                },
                {
                    "weight": [
                        1,
                        1,
                        1,
                        1
                    ],
                    "spec": "/pa/terrain/ice/brushes/ice_cliff_09.json",
                    "proj": "BP_Bend",
                    "transform": [
                        -0.977730393409729,
                        -0.15156634151935577,
                        0.14515797793865204,
                        72.9156494140625,
                        -0.00362454354763031,
                        -0.6793754696846008,
                        -0.7337818741798401,
                        -368.5927429199219,
                        0.20983341336250305,
                        -0.7179669737815857,
                        0.6636967658996582,
                        333.3876647949219
                    ],
                    "op": "BO_Add",
                    "rotation": 3.052551507949829,
                    "scale": [
                        1,
                        1,
                        1
                    ],
                    "height": 502.3192443847656,
                    "position": [
                        72.91564178466797,
                        -368.59271240234375,
                        333.3876037597656
                    ],
                    "weightHard": true,
                    "weightScale": [
                        2,
                        2,
                        2
                    ],
                    "mirrored": false,
                    "twinId": 0,
                    "flooded": false,
                    "pathable": false,
                    "mergeable": false,
                    "no_features": false
                },
                {
                    "weight": [
                        1,
                        1,
                        1,
                        1
                    ],
                    "spec": "/pa/terrain/ice/brushes/ice_cliff_09.json",
                    "proj": "BP_Bend",
                    "transform": [
                        0.7076917290687561,
                        0.4259082078933716,
                        0.5637150406837463,
                        280.9990234375,
                        -0.5709881782531738,
                        -0.12513332068920135,
                        0.8113656640052795,
                        404.4471740722656,
                        0.41610682010650635,
                        -0.8960714340209961,
                        0.15463268756866455,
                        77.08084869384766
                    ],
                    "op": "BO_Add",
                    "rotation": 5.241238117218018,
                    "scale": [
                        1,
                        1,
                        1
                    ],
                    "height": 498.47705078125,
                    "position": [
                        280.99896240234375,
                        404.4471740722656,
                        77.08085632324219
                    ],
                    "weightHard": true,
                    "weightScale": [
                        2,
                        2,
                        2
                    ],
                    "mirrored": false,
                    "twinId": 0,
                    "flooded": false,
                    "pathable": false,
                    "mergeable": false,
                    "no_features": false
                },
                {
                    "weight": [
                        1,
                        1,
                        1,
                        1
                    ],
                    "spec": "/pa/terrain/ice/brushes/ice_cliff_09.json",
                    "proj": "BP_Bend",
                    "transform": [
                        0.8197579383850098,
                        -0.4768698215484619,
                        -0.3171619772911072,
                        -157.35018920898438,
                        -0.5550358295440674,
                        -0.798028290271759,
                        -0.2347039431333542,
                        -116.441162109375,
                        -0.14118099212646484,
                        0.36843666434288025,
                        -0.9188697338104248,
                        -455.8690185546875
                    ],
                    "op": "BO_Add",
                    "rotation": 4.983536720275879,
                    "scale": [
                        1,
                        1,
                        1
                    ],
                    "height": 496.11932373046875,
                    "position": [
                        -157.35025024414062,
                        -116.44120788574219,
                        -455.86920166015625
                    ],
                    "weightHard": true,
                    "weightScale": [
                        2,
                        2,
                        2
                    ],
                    "mirrored": false,
                    "twinId": 0,
                    "flooded": false,
                    "pathable": false,
                    "mergeable": false,
                    "no_features": false
                },
                {
                    "weight": [
                        1,
                        1,
                        1,
                        1
                    ],
                    "spec": "/pa/terrain/ice/brushes/ice_cliff_11.json",
                    "proj": "BP_Bend",
                    "transform": [
                        -0.4387928247451782,
                        0.8982824683189392,
                        -0.023440435528755188,
                        -11.845696449279785,
                        0.4858902096748352,
                        0.25912943482398987,
                        0.8347232341766357,
                        421.8299560546875,
                        0.7558913826942444,
                        0.3548811376094818,
                        -0.5501707196235657,
                        -278.03045654296875
                    ],
                    "op": "BO_Add",
                    "rotation": 4.301522731781006,
                    "scale": [
                        1,
                        1,
                        1
                    ],
                    "height": 505.35302734375,
                    "position": [
                        -11.84569263458252,
                        421.8298034667969,
                        -278.0303649902344
                    ],
                    "weightHard": true,
                    "weightScale": [
                        4,
                        4,
                        4
                    ],
                    "mirrored": false,
                    "twinId": 0,
                    "flooded": false,
                    "pathable": false,
                    "mergeable": false,
                    "no_features": false
                },
                {
                    "weight": [
                        1,
                        1,
                        1,
                        1
                    ],
                    "spec": "/pa/terrain/ice/brushes/ice_cliff_11.json",
                    "proj": "BP_Bend",
                    "transform": [
                        -0.6993127465248108,
                        0.6384409070014954,
                        -0.32148846983909607,
                        -161.93067932128906,
                        0.6345280408859253,
                        0.7615320682525635,
                        0.13207218050956726,
                        66.52349853515625,
                        0.32914406061172485,
                        -0.11163366585969925,
                        -0.9376577138900757,
                        -472.2892761230469
                    ],
                    "op": "BO_Add",
                    "rotation": 6.22037935256958,
                    "scale": [
                        1,
                        1,
                        1
                    ],
                    "height": 503.69049072265625,
                    "position": [
                        -161.9305419921875,
                        66.52345275878906,
                        -472.2893981933594
                    ],
                    "weightHard": true,
                    "weightScale": [
                        4,
                        4,
                        4
                    ],
                    "mirrored": false,
                    "twinId": 0,
                    "flooded": false,
                    "pathable": false,
                    "mergeable": false,
                    "no_features": false
                },
                {
                    "weight": [
                        1,
                        1,
                        1,
                        1
                    ],
                    "spec": "/pa/terrain/ice/brushes/ice_cliff_11.json",
                    "proj": "BP_Bend",
                    "transform": [
                        0.6559783816337585,
                        -0.39507168531417847,
                        -0.6431258320808411,
                        -322.4231262207031,
                        -0.5649166703224182,
                        0.3080977201461792,
                        -0.7654704451560974,
                        -383.7590637207031,
                        0.5005612969398499,
                        0.865444540977478,
                        -0.02107715606689453,
                        -10.56676959991455
                    ],
                    "op": "BO_Add",
                    "rotation": 6.108800888061523,
                    "scale": [
                        1,
                        1,
                        1
                    ],
                    "height": 501.3375244140625,
                    "position": [
                        -322.4231262207031,
                        -383.7590637207031,
                        -10.566702842712402
                    ],
                    "weightHard": true,
                    "weightScale": [
                        4,
                        4,
                        4
                    ],
                    "mirrored": false,
                    "twinId": 0,
                    "flooded": false,
                    "pathable": false,
                    "mergeable": false,
                    "no_features": false
                },
                {
                    "weight": [
                        1,
                        1,
                        1,
                        1
                    ],
                    "spec": "/pa/terrain/ice/brushes/ice_cliff_10.json",
                    "proj": "BP_Bend",
                    "transform": [
                        -0.999101996421814,
                        -0.03193354606628418,
                        0.0278458409011364,
                        13.9306001663208,
                        -0.031645119190216064,
                        0.1254092901945114,
                        -0.9916003346443176,
                        -496.0736389160156,
                        0.028173187747597694,
                        -0.9915910959243774,
                        -0.12630724906921387,
                        -63.18845748901367
                    ],
                    "op": "BO_Add",
                    "rotation": 3.1412625312805176,
                    "scale": [
                        1,
                        1,
                        1
                    ],
                    "height": 500.2757873535156,
                    "position": [
                        13.9306001663208,
                        -496.0736389160156,
                        -63.18836212158203
                    ],
                    "weightHard": true,
                    "weightScale": [
                        2,
                        2,
                        2
                    ],
                    "mirrored": false,
                    "twinId": 0,
                    "flooded": false,
                    "pathable": false,
                    "mergeable": false,
                    "no_features": false
                },
                {
                    "weight": [
                        1,
                        1,
                        1,
                        1
                    ],
                    "spec": "/pa/terrain/ice/brushes/ice_cliff_11.json",
                    "proj": "BP_Bend",
                    "transform": [
                        0.8488337993621826,
                        0.3209224045276642,
                        0.4201070964336395,
                        211.31076049804688,
                        0.5286493301391602,
                        -0.5202676057815552,
                        -0.6707096695899963,
                        -337.36199951171875,
                        0.0033223330974578857,
                        0.7914103269577026,
                        -0.6112761497497559,
                        -307.4673767089844
                    ],
                    "op": "BO_Add",
                    "rotation": 0.5637761354446411,
                    "scale": [
                        1,
                        1,
                        1
                    ],
                    "height": 502.9925842285156,
                    "position": [
                        211.3107452392578,
                        -337.36199951171875,
                        -307.46734619140625
                    ],
                    "weightHard": true,
                    "weightScale": [
                        4,
                        4,
                        4
                    ],
                    "mirrored": false,
                    "twinId": 0,
                    "flooded": false,
                    "pathable": false,
                    "mergeable": false,
                    "no_features": false
                },
                {
                    "weight": [
                        1,
                        1,
                        1,
                        1
                    ],
                    "spec": "/pa/terrain/ice/brushes/ice_cliff_11.json",
                    "proj": "BP_Bend",
                    "transform": [
                        -0.5867141485214233,
                        -0.2757687270641327,
                        0.7613922953605652,
                        375.0050048828125,
                        0.5315552949905396,
                        -0.8404656648635864,
                        0.10519792139530182,
                        51.812644958496094,
                        0.6109137535095215,
                        0.4664432108402252,
                        0.639699399471283,
                        315.06817626953125
                    ],
                    "op": "BO_Add",
                    "rotation": 2.6267924308776855,
                    "scale": [
                        1,
                        1,
                        1
                    ],
                    "height": 492.5253601074219,
                    "position": [
                        375.00494384765625,
                        51.81263732910156,
                        315.0682067871094
                    ],
                    "weightHard": true,
                    "weightScale": [
                        4,
                        4,
                        4
