{
    "name": "Doov",
    "description": "In one direction, a large metal deposit. In the other direction, a metal-less ocean shared by both players.",
    "creator": "SonicBlue22",
    "version": "1.0",
    "players": [ 2, 2 ],
    "planets": [
        {
            "name": "Arcun",
            "mass": 10000,
            "position_x": 175000,
            "position_y": 0,
            "velocity_x": 0.0000023364718799712136,
            "velocity_y": -53.452247619628906,
            "required_thrust_to_move": 0,
            "starting_planet": true,
            "respawn": false,
            "start_destroyed": false,
            "min_spawn_delay": 0,
            "max_spawn_delay": 0,
            "planet": {
                "seed": 1254386688,
                "radius": 500,
                "heightRange": 35,
                "waterHeight": 34,
                "waterDepth": 100,
                "temperature": 0,
                "metalDensity": 0,
                "metalClusters": 0,
                "metalSpotLimit": -1,
                "biomeScale": 50,
                "biome": "earth",
                "symmetryType": "none",
                "symmetricalMetal": false,
                "symmetricalStarts": false,
                "numArmies": 2,
                "landingZonesPerArmy": 0,
                "landingZoneSize": 0
            },
            "planetCSG": [
                {
                    "weight": [
                        1,
                        1,
                        1,
                        1
                    ],
                    "spec": "/pa/terrain/ice/brushes/ice_cliff_09.json",
                    "proj": "BP_Bend",
                    "transform": [
                        0.938147783279419,
                        -0.008364640176296234,
                        -0.34613412618637085,
                        -173.1749725341797,
                        -0.14588972926139832,
                        0.8970787525177002,
                        -0.4170922338962555,
                        -208.6761474609375,
                        0.31399840116500854,
                        0.4417915642261505,
                        0.8403720855712891,
                        420.4480285644531
                    ],
                    "op": "BO_Add",
                    "rotation": 6.208388805389404,
                    "scale": [
                        1,
                        1,
                        1
                    ],
                    "height": 500.311767578125,
                    "position": [
                        -173.1749725341797,
                        -208.67616271972656,
                        420.4480285644531
                    ],
                    "weightHard": true,
                    "weightScale": [
                        2,
                        2,
                        2
                    ],
                    "mirrored": false,
                    "twinId": 0,
                    "flooded": false,
                    "pathable": false,
                    "mergeable": false,
                    "no_features": false
                },
                {
                    "weight": [
                        1,
                        1,
                        1,
                        1
                    ],
                    "spec": "/pa/terrain/ice/brushes/ice_cliff_11.json",
                    "proj": "BP_Bend",
                    "transform": [
                        -0.40905261039733887,
                        -0.7475422620773315,
                        0.5233131647109985,
                        258.99896240234375,
                        0.9047344923019409,
                        -0.25753605365753174,
                        0.33930903673171997,
                        167.9313507080078,
                        -0.11887578666210175,
                        0.6122547388076782,
                        0.781673014163971,
                        386.8668212890625
                    ],
                    "op": "BO_Add",
                    "rotation": 1.9542616605758667,
                    "scale": [
                        1,
                        1,
                        1
                    ],
                    "height": 494.9215393066406,
                    "position": [
                        258.99896240234375,
                        167.9313507080078,
                        386.8668212890625
                    ],
                    "weightHard": true,
                    "weightScale": [
                        4,
                        4,
                        4
                    ],
                    "mirrored": false,
                    "twinId": 0,
                    "flooded": false,
                    "pathable": false,
                    "mergeable": false,
                    "no_features": false
                },
                {
                    "weight": [
                        1,
                        1,
                        1,
                        1
                    ],
                    "spec": "/pa/terrain/ice/brushes/ice_cliff_09.json",
                    "proj": "BP_Bend",
                    "transform": [
                        -0.5395170450210571,
                        -0.24413128197193146,
                        -0.8058047294616699,
                        -395.35260009765625,
                        -0.7178529500961304,
                        -0.3667702078819275,
                        0.5917488932609558,
                        290.3302001953125,
                        -0.44000959396362305,
                        0.8977079391479492,
                        0.022628366947174072,
                        11.1021728515625
                    ],
                    "op": "BO_Add",
                    "rotation": 3.623239517211914,
                    "scale": [
                        1,
                        1,
                        1
                    ],
                    "height": 490.6307678222656,
                    "position": [
                        -395.3525695800781,
                        290.3302001953125,
                        11.102190971374512
                    ],
                    "weightHard": true,
                    "weightScale": [
                        2,
                        2,
                        2
                    ],
                    "mirrored": false,
                    "twinId": 0,
                    "flooded": false,
                    "pathable": false,
                    "mergeable": false,
                    "no_features": false
                },
                {
                    "weight": [
                        1,
                        1,
                        1,
                        1
                    ],
                    "spec": "/pa/terrain/ice/brushes/ice_cliff_11.json",
                    "proj": "BP_Bend",
                    "transform": [
                        0.14135649800300598,
                        -0.13520541787147522,
                        0.9806820750236511,
                        503.8709716796875,
                        -0.7761902809143066,
                        -0.6300019025802612,
                        0.02502325549721718,
                        12.856860160827637,
                        0.6144483089447021,
                        -0.7647331357002258,
                        -0.1940000057220459,
                        -99.676513671875
                    ],
                    "op": "BO_Add",
                    "rotation": 4.061039924621582,
                    "scale": [
                        1,
                        1,
                        1
                    ],
                    "height": 513.7964477539062,
                    "position": [
                        503.8710632324219,
                        12.856861114501953,
                        -99.67662811279297
                    ],
                    "weightHard": true,
                    "weightScale": [
                        4,
                        4,
                        4
                    ],
                    "mirrored": false,
                    "twinId": 0,
                    "flooded": false,
                    "pathable": false,
                    "mergeable": false,
                    "no_features": false
                },
                {
                    "weight": [
                        1,
                        1,
                        1,
                        1
                    ],
                    "spec": "/pa/terrain/ice/brushes/ice_cliff_09.json",
                    "proj": "BP_Bend",
                    "transform": [
                        0.34830018877983093,
                        0.8166185617446899,
                        0.4602401852607727,
                        230.02957153320312,
                        0.3668065667152405,
                        -0.5705668330192566,
                        0.7347833514213562,
                        367.2471618652344,
                        0.862635612487793,
                        -0.08710607886314392,
                        -0.4982696771621704,
                        -249.03683471679688
                    ],
                    "op": "BO_Add",
                    "rotation": 4.253446578979492,
                    "scale": [
                        1,
                        1,
                        1
                    ],
                    "height": 499.8033142089844,
                    "position": [
                        230.02955627441406,
                        367.2471008300781,
                        -249.03683471679688
                    ],
                    "weightHard": true,
                    "weightScale": [
                        2,
                        2,
                        2
                    ],
                    "mirrored": false,
                    "twinId": 0,
                    "flooded": false,
                    "pathable": false,
                    "mergeable": false,
                    "no_features": false
                },
                {
                    "weight": [
                        1,
                        1,
                        1,
                        1
                    ],
                    "spec": "/pa/terrain/ice/brushes/ice_cliff_09.json",
                    "proj": "BP_Bend",
                    "transform": [
                        0.6513413786888123,
                        0.7522845268249512,
                        0.09910795837640762,
                        49.67949295043945,
                        -0.4887055456638336,
                        0.515827476978302,
                        -0.703625500202179,
                        -352.7038269042969,
                        -0.5804492235183716,
                        0.40986576676368713,
                        0.7036254405975342,
                        352.70379638671875
                    ],
                    "op": "BO_Add",
                    "rotation": 5.467142105102539,
                    "scale": [
                        1,
                        1,
                        1
                    ],
                    "height": 501.26641845703125,
                    "position": [
                        49.67949295043945,
                        -352.703857421875,
                        352.70379638671875
                    ],
                    "weightHard": true,
                    "weightScale": [
                        2,
                        2,
                        2
                    ],
                    "mirrored": false,
                    "twinId": 0,
                    "flooded": false,
                    "pathable": false,
                    "mergeable": false,
                    "no_features": false
                },
                {
                    "weight": [
                        1,
                        1,
                        1,
                        1
                    ],
                    "spec": "/pa/terrain/ice/brushes/ice_cliff_09.json",
                    "proj": "BP_Bend",
                    "transform": [
                        0.5974798798561096,
                        -0.6565948724746704,
                        0.46032682061195374,
                        229.84478759765625,
                        -0.6891762018203735,
                        -0.7139360904693604,
                        -0.12382028251886368,
                        -61.82443618774414,
                        0.40994367003440857,
                        -0.24326613545417786,
                        -0.8790719509124756,
                        -438.9275207519531
                    ],
                    "op": "BO_Add",
                    "rotation": 3.414391040802002,
                    "scale": [
                        1,
                        1,
                        1
                    ],
                    "height": 499.3078308105469,
                    "position": [
                        229.8447265625,
                        -61.82442092895508,
                        -438.9276123046875
                    ],
                    "weightHard": true,
                    "weightScale": [
                        2,
                        2,
                        2
                    ],
                    "mirrored": false,
                    "twinId": 0,
                    "flooded": false,
                    "pathable": false,
                    "mergeable": false,
                    "no_features": false
                },
                {
                    "weight": [
                        1,
                        1,
                        1,
                        1
                    ],
                    "spec": "/pa/terrain/ice/brushes/ice_cliff_11.json",
                    "proj": "BP_Bend",
                    "transform": [
                        0.9362794160842896,
                        0.24379369616508484,
                        -0.2528741657733917,
                        -129.9832000732422,
                        -0.06427177786827087,
                        -0.5888550281524658,
                        -0.8056790232658386,
                        -414.13775634765625,
                        -0.3453257083892822,
                        0.7705934047698975,
                        -0.5356638431549072,
                        -275.3436584472656
                    ],
                    "op": "BO_Add",
                    "rotation": 5.557760238647461,
                    "scale": [
                        1,
                        1,
                        1
                    ],
                    "height": 514.0232543945312,
                    "position": [
                        -129.9832000732422,
                        -414.1377258300781,
                        -275.34375
                    ],
                    "weightHard": true,
                    "weightScale": [
                        4,
                        4,
                        4
                    ],
                    "mirrored": false,
                    "twinId": 0,
                    "flooded": false,
                    "pathable": false,
                    "mergeable": false,
                    "no_features": false
                },
                {
                    "weight": [
                        1,
                        1,
                        1,
                        1
                    ],
                    "spec": "/pa/terrain/ice/brushes/ice_cliff_11.json",
                    "proj": "BP_Bend",
                    "transform": [
                        -0.310598224401474,
                        -0.5817623734474182,
                        0.7517188787460327,
                        367.9378662109375,
                        -0.2909906804561615,
                        0.8110584020614624,
                        0.5074530839920044,
                        248.37901306152344,
                        -0.9049050807952881,
                        -0.06112918257713318,
                        -0.4212007522583008,
                        -206.16177368164062
                    ],
                    "op": "BO_Add",
                    "rotation": 0.5263381600379944,
                    "scale": [
                        1,
                        1,
                        1
                    ],
                    "height": 489.4620361328125,
                    "position": [
                        367.9378967285156,
                        248.37904357910156,
                        -206.16175842285156
                    ],
                    "weightHard": true,
                    "weightScale": [
                        4,
                        4,
                        4
                    ],
                    "mirrored": false,
                    "twinId": 0,
                    "flooded": false,
                    "pathable": false,
                    "mergeable": false,
                    "no_features": false
                },
                {
                    "weight": [
                        1,
                        1,
                        1,
                        1
                    ],
                    "spec": "/pa/terrain/ice/brushes/ice_cliff_11.json",
                    "proj": "BP_Bend",
                    "transform": [
                        -0.15771007537841797,
                        -0.7781860828399658,
                        0.6079094409942627,
                        306.0183410644531,
                        -0.09398573637008667,
                        -0.6009901165962219,
                        -0.7937111854553223,
                        -399.5499572753906,
                        0.9830025434494019,
                        -0.1823110580444336,
                        0.02164381742477417,
                        10.895380973815918
                    ],
                    "op": "BO_Add",
                    "rotation": 2.407780647277832,
                    "scale": [
                        1,
                        1,
                        1
                    ],
                    "height": 503.3946228027344,
                    "position": [
                        306.0184020996094,
                        -399.54998779296875,
                        10.895343780517578
                    ],
                    "weightHard": true,
                    "weightScale": [
                        4,
                        4,
                        4
                    ],
                    "mirrored": false,
                    "twinId": 0,
                    "flooded": false,
                    "pathable": false,
                    "mergeable": false,
                    "no_features": false
                },
                {
                    "weight": [
                        1,
                        1,
                        1,
                        1
                    ],
                    "spec": "/pa/terrain/ice/brushes/ice_cliff_11.json",
                    "proj": "BP_Bend",
                    "transform": [
                        0.5705115795135498,
                        -0.7479210495948792,
                        -0.3393092155456543,
                        -168.93101501464844,
                        -0.27131789922714233,
                        -0.5615816712379456,
                        0.7816731929779053,
                        389.16961669921875,
                        -0.7751796841621399,
                        -0.3538929224014282,
                        -0.5233131647109985,
                        -260.54058837890625
                    ],
                    "op": "BO_Add",
                    "rotation": 1.5520620346069336,
                    "scale": [
                        1,
                        1,
                        1
                    ],
                    "height": 497.867431640625,
                    "position": [
                        -168.9309539794922,
                        389.16949462890625,
                        -260.54052734375
                    ],
                    "weightHard": true,
                    "weightScale": [
                        4,
                        4,
                        4
                    ],
                    "mirrored": false,
                    "twinId": 0,
                    "flooded": false,
                    "pathable": false,
                    "mergeable": false,
                    "no_features": false
                },
                {
                    "weight": [
                        1,
                        1,
                        1,
                        1
                    ],
                    "spec": "/pa/terrain/ice/brushes/ice_cliff_11.json",
                    "proj": "BP_Bend",
                    "transform": [
                        -0.624056875705719,
                        -0.7130157947540283,
                        -0.3196275532245636,
                        -159.22210693359375,
                        -0.7790349721908569,
                        0.5994099974632263,
                        0.18388116359710693,
                        91.6001968383789,
                        0.06047777086496353,
                        0.3637533485889435,
                        -0.929530143737793,
                        -463.0444030761719
                    ],
                    "op": "BO_Add",
                    "rotation": 4.35508394241333,
                    "scale": [
                        1,
                        1,
                        1
                    ],
                    "height": 498.1488952636719,
                    "position": [
                        -159.22210693359375,
                        91.6001968383789,
                        -463.0443115234375
                    ],
                    "weightHard": true,
                    "weightScale": [
                        4,
                        4,
                        4
                    ],
                    "mirrored": false,
                    "twinId": 0,
                    "flooded": false,
                    "pathable": false,
                    "mergeable": false,
                    "no_features": false
                },
                {
                    "weight": [
                        1,
                        1,
                        1,
                        1
                    ],
                    "spec": "/pa/terrain/ice/brushes/ice_cliff_09.json",
                    "proj": "BP_Bend",
                    "transform": [
                        -0.001939559355378151,
                        0.08770724385976791,
                        -0.9961443543434143,
                        -498.63128662109375,
                        0.9637084603309631,
                        -0.2657577097415924,
                        -0.025275498628616333,
                        -12.651935577392578,
                        -0.2669498920440674,
                        -0.9600417613983154,
                        -0.08400881290435791,
                        -42.05155944824219
                    ],
                    "op": "BO_Add",
                    "rotation": 1.8673737049102783,
                    "scale": [
                        1,
                        1,
                        1
                    ],
                    "height": 500.561279296875,
                    "position": [
                        -498.6313171386719,
                        -12.651937484741211,
                        -42.05154037475586
                    ],
                    "weightHard": true,
                    "weightScale": [
                        2,
                        2,
                        2
                    ],
                    "mirrored": false,
                    "twinId": 0,
                    "flooded": false,
                    "pathable": false,
                    "mergeable": false,
                    "no_features": false
                },
                {
                    "weight": [
                        1,
                        1,
                        1,
                        1
                    ],
                    "spec": "/pa/terrain/ice/brushes/ice_cliff_11.json",
                    "proj": "BP_Bend",
                    "transform": [
                        -0.4008413851261139,
                        -0.4254550337791443,
                        0.8113656640052795,
                        405.3289489746094,
                        -0.8491028547286987,
                        0.5050872564315796,
                        -0.15463268756866455,
                        -77.2489013671875,
                        -0.344021201133728,
                        -0.750916063785553,
                        -0.563714861869812,
                        -281.611572265625
                    ],
                    "op": "BO_Add",
                    "rotation": 4.953662872314453,
                    "scale": [
                        1,
                        1,
                        1
                    ],
                    "height": 499.5638427734375,
                    "position": [
                        405.3290100097656,
                        -77.24890899658203,
                        -281.6115417480469
                    ],
                    "weightHard": true,
                    "weightScale": [
                        4,
                        4,
                        4
                    ],
                    "mirrored": false,
                    "twinId": 0,
                    "flooded": false,
                    "pathable": false,
                    "mergeable": false,
                    "no_features": false
                },
                {
                    "weight": [
                        1,
                        1,
                        1,
                        1
                    ],
                    "spec": "/pa/terrain/ice/brushes/ice_cliff_09.json",
                    "proj": "BP_Bend",
                    "transform": [
                        0.07708095014095306,
                        -0.6532899141311646,
                        -0.7531737089157104,
                        -389.30047607421875,
                        -0.773719072341919,
                        0.43724876642227173,
                        -0.4584455192089081,
                        -236.9613494873047,
                        0.6288221478462219,
                        0.6180822849273682,
                        -0.4717593193054199,
                        -243.84298706054688
                    ],
                    "op": "BO_Add",
                    "rotation": 6.053181171417236,
                    "scale": [
                        1,
                        1,
                        1
                    ],
                    "height": 516.8800659179688,
                    "position": [
                        -389.300537109375,
                        -236.96136474609375,
                        -243.843017578125
                    ],
                    "weightHard": true,
                    "weightScale": [
                        2,
                        2,
                        2
                    ],
                    "mirrored": false,
                    "twinId": 0,
                    "flooded": false,
                    "pathable": false,
                    "mergeable": false,
                    "no_features": false
                },
                {
                    "weight": [
                        1,
                        1,
                        1,
                        1
                    ],
                    "spec": "/pa/terrain/ice/brushes/ice_cliff_11.json",
                    "proj": "BP_Bend",
                    "transform": [
                        -0.23571091890335083,
                        -0.10433034598827362,
                        -0.9662067890167236,
                        -483.0001220703125,
                        0.1324712634086609,
                        -0.9883899688720703,
                        0.0744086429476738,
                        37.19636917114258,
                        -0.9627522826194763,
                        -0.1104557141661644,
                        0.24679504334926605,
                        123.37114715576172
                    ],
                    "op": "BO_Add",
                    "rotation": 2.9505035877227783,
                    "scale": [
                        1,
                        1,
                        1
                    ],
                    "height": 499.8930969238281,
                    "position": [
                        -483.0000915527344,
                        37.19636535644531,
                        123.3711929321289
                    ],
                    "weightHard": true,
                    "weightScale": [
                        4,
                        4,
                        4
                    ],
                    "mirrored": false,
                    "twinId": 0,
                    "flooded": false,
                    "pathable": false,
                    "mergeable": false,
                    "no_features": false
                },
                {
                    "weight": [
                        1,
                        1,
                        1,
                        1
                    ],
                    "spec": "/pa/terrain/ice/brushes/ice_cliff_11.json",
                    "proj": "BP_Bend",
                    "transform": [
                        -0.9182250499725342,
                        0.09965366870164871,
                        0.3833169639110565,
                        194.09805297851562,
                        -0.28040316700935364,
                        -0.8470789790153503,
                        -0.45147672295570374,
                        -228.61172485351562,
                        0.2797084450721741,
                        -0.5220405459403992,
                        0.8057523965835571,
                        408.0043029785156
                    ],
                    "op": "BO_Add",
                    "rotation": 3.3536484241485596,
                    "scale": [
                        1,
                        1,
                        1
                    ],
                    "height": 506.3643798828125,
                    "position": [
                        194.09803771972656,
                        -228.61170959472656,
                        408.0043029785156
                    ],
                    "weightHard": true,
                    "weightScale": [
                        4,
                        4,
                        4
                    ],
                    "mirrored": false,
                    "twinId": 0,
                    "flooded": false,
                    "pathable": false,
                    "mergeable": false,
                    "no_features": false
                },
                {
                    "weight": [
                        1,
                        1,
                        1,
                        1
                    ],
                    "spec": "/pa/terrain/ice/brushes/ice_cliff_09.json",
                    "proj": "BP_Bend",
                    "transform": [
                        -0.7841876149177551,
                        0.27278217673301697,
                        -0.5573504567146301,
                        -277.6151123046875,
                        0.30318552255630493,
                        -0.6152498722076416,
                        -0.7276991009712219,
                        -362.4654235839844,
                        -0.5414131283760071,
                        -0.7396332621574402,
                        0.39976775646209717,
                        199.1234893798828
                    ],
                    "op": "BO_Add",
                    "rotation": 3.119870662689209,
                    "scale": [
                        1,
                        1,
                        1
                    ],
                    "height": 498.0979309082031,
                    "position": [
                        -277.6151428222656,
                        -362.4654541015625,
                        199.1234588623047
                    ],
                    "weightHard": true,
                    "weightScale": [
                        2,
                        2,
                        2
                    ],
                    "mirrored": false,
                    "twinId": 0,
                    "flooded": false,
                    "pathable": false,
                    "mergeable": false,
                    "no_features": false
                },
                {
                    "weight": [
                        1,
                        1,
                        1,
                        1
                    ],
                    "spec": "/pa/terrain/ice/brushes/ice_cliff_10.json",
                    "proj": "BP_Bend",
                    "transform": [
                        0.14258840680122375,
                        0.46136850118637085,
                        0.8756755590438843,
                        451.4901123046875,
                        -0.7471781373023987,
                        0.6304141879081726,
                        -0.2104824185371399,
                        -108.52276611328125,
                        -0.6491482853889465,
                        -0.6242733001708984,
                        0.4346141815185547,
                        224.0830078125
                    ],
                    "op": "BO_Add",
                    "rotation": 5.28142786026001,
                    "scale": [
                        1,
                        1,
                        1
                    ],
                    "height": 515.5906372070312,
                    "position": [
                        451.4900207519531,
                        -108.52274322509766,
                        224.0829315185547
                    ],
                    "weightHard": true,
                    "weightScale": [
                        2,
                        2,
                        2
                    ],
                    "mirrored": false,
                    "twinId": 0,
                    "flooded": false,
                    "pathable": false,
                    "mergeable": false,
                    "no_features": false
                },
                {
                    "weight": [
                        1,
                        1,
                        1,
                        1
                    ],
                    "spec": "/pa/terrain/ice/brushes/ice_cliff_09.json",
                    "proj": "BP_Bend",
                    "transform": [
                        0.7763197422027588,
                        0.10354724526405334,
                        -0.6217762231826782,
                        -309.3296813964844,
                        -0.47971561551094055,
                        0.7369425296783447,
                        -0.47622326016426086,
                        -236.91799926757812,
                        0.40890178084373474,
                        0.6679772734642029,
                        0.621776282787323,
                        309.3297119140625
                    ],
                    "op": "BO_Add",
                    "rotation": 5.9152984619140625,
                    "scale": [
                        1,
                        1,
                        1
                    ],
                    "height": 497.4935607910156,
                    "position": [
                        -309.32965087890625,
                        -236.91798400878906,
                        309.32965087890625
                    ],
                    "weightHard": true,
                    "weightScale": [
                        2,
                        2,
                        2
                    ],
                    "mirrored": false,
                    "twinId": 0,
                    "flooded": false,
                    "pathable": false,
                    "mergeable": false,
                    "no_features": false
                },
                {
                    "weight": [
                        1,
                        1,
                        1,
                        1
                    ],
                    "spec": "/pa/terrain/ice/brushes/ice_cliff_11.json",
                    "proj": "BP_Bend",
                    "transform": [
                        -0.8298787474632263,
                        -0.051138512790203094,
                        -0.5555952787399292,
                        -272.8284912109375,
                        -0.19144269824028015,
                        -0.9092383980751038,
                        0.3696419298648834,
                        181.5149383544922,
                        -0.5240715146064758,
                        0.41312259435653687,
                        0.7447675466537476,
                        365.7226867675781
                    ],
                    "op": "BO_Add",
                    "rotation": 3.2220938205718994,
                    "scale": [
                        1,
                        1,
                        1
                    ],
                    "height": 491.05615234375,
                    "position": [
                        -272.8284912109375,
                        181.51495361328125,
                        365.7226867675781
                    ],
                    "weightHard": true,
                    "weightScale": [
                        4,
                        4,
                        4
                    ],
                    "mirrored": false,
                    "twinId": 0,
                    "flooded": false,
                    "pathable": false,
                    "mergeable": false,
                    "no_features": false
                },
                {
                    "weight": [
                        1,
                        1,
                        1,
                        1
                    ],
                    "spec": "/pa/terrain/ice/brushes/ice_cliff_11.json",
                    "proj": "BP_Bend",
                    "transform": [
                        0.6017978191375732,
                        0.31180718541145325,
                        -0.7352654933929443,
                        -372.7819519042969,
                        0.5172951817512512,
                        -0.8536012768745422,
                        0.06140381842851639,
                        31.131933212280273,
                        -0.6084774732589722,
                        -0.4173020124435425,
                        -0.6749918460845947,
                        -342.2230224609375
                    ],
                    "op": "BO_Add",
                    "rotation": 2.457132339477539,
                    "scale": [
                        1,
                        1,
                        1
                    ],
                    "height": 507.0032043457031,
                    "position": [
                        -372.7820129394531,
                        31.13193702697754,
                        -342.2230224609375
                    ],
                    "weightHard": true,
                    "weightScale": [
                        4,
