{
    "name": "Quator",
    "players": [
        2,
        8
    ],
    "planets": [
        {
            "name": "Eq",
            "mass": 10000,
            "position_x": 25000,
            "position_y": 0,
            "velocity_x": -0.000006181723165354924,
            "velocity_y": 141.42135620117188,
            "required_thrust_to_move": 0,
            "starting_planet": true,
            "respawn": false,
            "start_destroyed": false,
            "min_spawn_delay": 0,
            "max_spawn_delay": 0,
            "planet": {
                "seed": 152378080,
                "radius": 600,
                "heightRange": 10,
                "waterHeight": 0,
                "waterDepth": 100,
                "temperature": 100,
                "metalDensity": 0,
                "metalClusters": 0,
                "metalSpotLimit": -1,
                "biomeScale": 50,
                "biome": "lava",
                "symmetryType": "none",
                "symmetricalMetal": false,
                "symmetricalStarts": false,
                "numArmies": 2,
                "landingZonesPerArmy": 1,
                "landingZoneSize": 0
            },
            "planetCSG": [
                {
                    "spec": "/pa/terrain/lava/brushes/lava_plateau_09.json",
                    "weight": [
                        0,
                        0,
                        0,
                        0
                    ],
                    "proj": "BP_Bend",
                    "op": "BO_Add",
                    "transform": [
                        0.8805570602416992,
                        0.13922232389450073,
                        0.45303019881248474,
                        272.718994140625,
                        0.13922232389450073,
                        0.8377228379249573,
                        -0.5280507206916809,
                        -317.8804626464844,
                        -0.45303019881248474,
                        0.5280507206916809,
                        0.7182799577713013,
                        432.39630126953125
                    ],
                    "scale": [
                        1,
                        1,
                        1
                    ],
                    "rotation": 0,
                    "position": [
                        272.718994140625,
                        -317.8804931640625,
                        432.396240234375
                    ],
                    "height": 601.988525390625,
                    "weightHard": false,
                    "weightScale": [
                        1,
                        1,
                        1
                    ],
                    "mirrored": false,
                    "twinId": 0,
                    "flooded": false,
                    "pathable": false,
                    "mergeable": false,
                    "no_features": false
                },
                {
                    "spec": "/pa/terrain/lava/brushes/lava_plateau_07.json",
                    "weight": [
                        0,
                        0,
                        0,
                        0
                    ],
                    "proj": "BP_Bend",
                    "op": "BO_Add",
                    "transform": [
                        0.9818413257598877,
                        0.010870755650103092,
                        -0.18939226865768433,
                        -113.67180633544922,
                        0.010870755650103092,
                        0.9934921860694885,
                        0.11338037997484207,
                        68.050048828125,
                        0.18939226865768433,
                        -0.11338037997484207,
                        0.9753335118293762,
                        585.3878173828125
                    ],
                    "scale": [
                        1,
                        1,
                        1
                    ],
                    "rotation": 0,
                    "position": [
                        -113.67181396484375,
                        68.050048828125,
                        585.3878173828125
                    ],
                    "height": 600.1924438476562,
                    "weightHard": false,
                    "weightScale": [
                        1,
                        1,
                        1
                    ],
                    "mirrored": false,
                    "twinId": 0,
                    "flooded": false,
                    "pathable": false,
                    "mergeable": false,
                    "no_features": false
                },
                {
                    "spec": "/pa/terrain/lava/brushes/lava_volcano_06.json",
                    "weight": [
                        0,
                        0,
                        0,
                        0
                    ],
                    "proj": "BP_Bend",
                    "op": "BO_Add",
                    "transform": [
                        0.9878453612327576,
                        0.025011209771037102,
                        -0.15341432392597198,
                        -91.58643341064453,
                        0.025011209771037102,
                        0.9485331177711487,
                        0.31568869948387146,
                        188.4622039794922,
                        0.15341432392597198,
                        -0.31568869948387146,
                        0.9363784790039062,
                        559.0062255859375
                    ],
                    "scale": [
                        1,
                        1,
                        1
                    ],
                    "rotation": 0,
                    "position": [
                        -91.58643341064453,
                        188.4622039794922,
                        559.0062255859375
                    ],
                    "height": 596.9874877929688,
                    "weightHard": false,
                    "weightScale": [
                        1,
                        1,
                        1
                    ],
                    "mirrored": false,
                    "twinId": 0,
                    "flooded": false,
                    "pathable": false,
                    "mergeable": false,
                    "no_features": false
                },
                {
                    "spec": "/pa/terrain/lava/brushes/lava_volcano_04.json",
                    "weight": [
                        0,
                        0,
                        0,
                        0
                    ],
                    "proj": "BP_Bend",
                    "op": "BO_Add",
                    "transform": [
                        0.7354452610015869,
                        0.0686984434723854,
                        0.4205957353115082,
                        297.4713134765625,
                        0.0686984434723854,
                        0.8088015913963318,
                        -0.2522311806678772,
                        -178.3934783935547,
                        -0.4205957353115082,
                        0.2522311806678772,
                        0.6942468881607056,
                        491.0143127441406
                    ],
                    "scale": [
                        0.8500000238418579,
                        0.8500000238418579,
                        0.8500000238418579
                    ],
                    "rotation": 0,
                    "position": [
                        297.4713134765625,
                        -178.39346313476562,
                        491.0142822265625
                    ],
                    "height": 601.1725463867188,
                    "weightHard": false,
                    "weightScale": [
                        1,
                        1,
                        1
                    ],
                    "mirrored": false,
                    "twinId": 0,
                    "flooded": false,
                    "pathable": false,
                    "mergeable": false,
                    "no_features": false
                },
                {
                    "spec": "/pa/terrain/lava/brushes/lava_plateau_03.json",
                    "weight": [
                        0,
                        0,
                        0,
                        0
                    ],
                    "proj": "BP_Bend",
                    "op": "BO_Add",
                    "transform": [
                        1.0819292068481445,
                        0.33766937255859375,
                        0.24699802696704865,
                        127.08290100097656,
                        -0.2300563007593155,
                        1.0522046089172363,
                        -0.4307428002357483,
                        -221.62136840820312,
                        -0.3494320511817932,
                        0.35276710987091064,
                        1.0483570098876953,
                        539.389892578125
                    ],
                    "scale": [
                        1.1599998474121094,
                        1.1599998474121094,
                        1.1599998474121094
                    ],
                    "rotation": -0.2600000202655792,
                    "position": [
                        127.0828857421875,
                        -221.621337890625,
                        539.389892578125
                    ],
                    "height": 596.8312377929688,
                    "weightHard": false,
                    "weightScale": [
                        1,
                        1,
                        1
                    ],
                    "mirrored": false,
                    "twinId": 0,
                    "flooded": false,
                    "pathable": false,
                    "mergeable": false,
                    "no_features": false
                },
                {
                    "spec": "/pa/terrain/lava/brushes/lava_plateau_05.json",
                    "weight": [
                        0,
                        0,
                        0,
                        0
                    ],
                    "proj": "BP_Bend",
                    "op": "BO_Add",
                    "transform": [
                        0.940462052822113,
                        0.07556958496570587,
                        0.3313915729522705,
                        198.2541961669922,
                        0.07556958496570587,
                        0.9040820002555847,
                        -0.4206244647502899,
                        -251.63755798339844,
                        -0.3313915729522705,
                        0.4206244647502899,
                        0.8445440530776978,
                        505.2464294433594
                    ],
                    "scale": [
                        1,
                        1,
                        1
                    ],
                    "rotation": 0,
                    "position": [
                        198.25421142578125,
                        -251.63758850097656,
                        505.24639892578125
                    ],
                    "height": 598.24755859375,
                    "weightHard": false,
                    "weightScale": [
                        1,
                        1,
                        1
                    ],
                    "mirrored": false,
                    "twinId": 0,
                    "flooded": false,
                    "pathable": false,
                    "mergeable": false,
                    "no_features": false
                },
                {
                    "spec": "/pa/terrain/lava/brushes/lava_plateau_08.json",
                    "weight": [
                        0,
                        0,
                        0,
                        0
                    ],
                    "proj": "BP_Bend",
                    "op": "BO_Add",
                    "transform": [
                        0.9901131391525269,
                        0.014463587664067745,
                        -0.1395232379436493,
                        -83.5588607788086,
                        0.014463587664067745,
                        0.9788410067558289,
                        0.20411038398742676,
                        122.2393569946289,
                        0.1395232379436493,
                        -0.20411038398742676,
                        0.9689542055130005,
                        580.2955322265625
                    ],
                    "scale": [
                        1,
                        1,
                        1
                    ],
                    "rotation": 0,
                    "position": [
                        -83.55886840820312,
                        122.23936462402344,
                        580.2955322265625
                    ],
                    "height": 598.8884887695312,
                    "weightHard": false,
                    "weightScale": [
                        1,
                        1,
                        1
                    ],
                    "mirrored": false,
                    "twinId": 0,
                    "flooded": false,
                    "pathable": false,
                    "mergeable": false,
                    "no_features": false
                },
                {
                    "spec": "/pa/terrain/lava/brushes/lava_plateau_09.json",
                    "weight": [
                        0,
                        0,
                        0,
                        0
                    ],
                    "proj": "BP_Bend",
                    "op": "BO_Add",
                    "transform": [
                        0.9742668271064758,
                        0.027469845488667488,
                        -0.22371771931648254,
                        -134.15652465820312,
                        0.027469845488667488,
                        0.9706763029098511,
                        0.23881565034389496,
                        143.2102813720703,
                        0.22371771931648254,
                        -0.23881565034389496,
                        0.9449431300163269,
                        566.6528930664062
                    ],
                    "scale": [
                        1,
                        1,
                        1
                    ],
                    "rotation": 0,
                    "position": [
                        -134.15650939941406,
                        143.21026611328125,
                        566.65283203125
                    ],
                    "height": 599.6687622070312,
                    "weightHard": false,
                    "weightScale": [
                        1,
                        1,
                        1
                    ],
                    "mirrored": false,
                    "twinId": 0,
                    "flooded": false,
                    "pathable": false,
                    "mergeable": false,
                    "no_features": false
                },
                {
                    "spec": "/pa/terrain/lava/brushes/lava_plateau_09.json",
                    "weight": [
                        0,
                        0,
                        0,
                        0
                    ],
                    "proj": "BP_Bend",
                    "op": "BO_Add",
                    "transform": [
                        0.9457862973213196,
                        0.05508637800812721,
                        0.3200840353965759,
                        191.46702575683594,
                        0.05508637800812721,
                        0.9440268874168396,
                        -0.32523632049560547,
                        -194.54901123046875,
                        -0.3200840353965759,
                        0.32523632049560547,
                        0.8898131847381592,
                        532.26611328125
                    ],
                    "scale": [
                        1,
                        1,
                        1
                    ],
                    "rotation": 0,
                    "position": [
                        191.467041015625,
                        -194.5490264892578,
                        532.26611328125
                    ],
                    "height": 598.1773681640625,
                    "weightHard": false,
                    "weightScale": [
                        1,
                        1,
                        1
                    ],
                    "mirrored": false,
                    "twinId": 0,
                    "flooded": false,
                    "pathable": false,
                    "mergeable": false,
                    "no_features": false
                },
                {
                    "spec": "/pa/terrain/lava/brushes/lava_crack_03.json",
                    "weight": [
                        0,
                        0,
                        0,
                        0
                    ],
                    "proj": "BP_Bend",
                    "op": "BO_Subtract",
                    "transform": [
                        0.5042508244514465,
                        -0.06134848669171333,
                        0.31932348012924194,
                        321.2338562011719,
                        -0.06134848669171333,
                        0.5606927871704102,
                        0.20459716022014618,
                        205.82118225097656,
                        -0.31932348012924194,
                        -0.20459716022014618,
                        0.4649435579776764,
                        467.72515869140625
                    ],
                    "scale": [
                        0.6000000238418579,
                        0.6000000238418579,
                        0.6000000238418579
                    ],
                    "rotation": 0,
                    "position": [
                        321.23388671875,
                        205.82119750976562,
                        467.7252197265625
                    ],
                    "height": 603.589599609375,
                    "weightHard": false,
                    "weightScale": [
                        1,
                        1,
                        1
                    ],
                    "mirrored": false,
                    "twinId": 0,
                    "flooded": false,
                    "pathable": false,
                    "mergeable": false,
                    "no_features": true
                },
                {
                    "spec": "/pa/terrain/lava/brushes/lava_volcano_05.json",
                    "weight": [
                        0,
                        0,
                        0,
                        0
                    ],
                    "proj": "BP_Bend",
                    "op": "BO_Add",
                    "transform": [
                        0.9188015460968018,
                        -0.049546364694833755,
                        0.3915979266166687,
                        234.50320434570312,
                        -0.049546364694833755,
                        0.9697673916816711,
                        0.23894847929477692,
                        143.0911102294922,
                        -0.3915979266166687,
                        -0.23894847929477692,
                        0.8885688781738281,
                        532.1076049804688
                    ],
                    "scale": [
                        1,
                        1,
                        1
                    ],
                    "rotation": 0,
                    "position": [
                        234.503173828125,
                        143.09109497070312,
                        532.107666015625
                    ],
                    "height": 598.836669921875,
                    "weightHard": false,
                    "weightScale": [
                        1,
                        1,
                        1
                    ],
                    "mirrored": false,
                    "twinId": 0,
                    "flooded": false,
                    "pathable": false,
                    "mergeable": false,
                    "no_features": false
                },
                {
                    "spec": "/pa/terrain/lava/brushes/lava_plateau_07.json",
                    "weight": [
                        0,
                        0,
                        0,
                        0
                    ],
                    "proj": "BP_Bend",
                    "op": "BO_Add",
                    "transform": [
                        0.3874628245830536,
                        -1.023308515548706,
                        -0.282155841588974,
                        -149.4522705078125,
                        0.9441275596618652,
                        0.4695114195346832,
                        -0.4063026010990143,
                        -215.21031188964844,
                        0.4851755201816559,
                        -0.09642830491065979,
                        1.0159754753112793,
                        538.1417236328125
                    ],
                    "scale": [
                        1.1299998760223389,
                        1.1299998760223389,
                        1.1299998760223389
                    ],
                    "rotation": 1.1599992513656616,
                    "position": [
                        -149.4522705078125,
                        -215.2103271484375,
                        538.1417236328125
                    ],
                    "height": 598.5382080078125,
                    "weightHard": false,
                    "weightScale": [
                        1,
                        1,
                        1
                    ],
                    "mirrored": false,
                    "twinId": 0,
                    "flooded": false,
                    "pathable": false,
                    "mergeable": false,
                    "no_features": false
                },
                {
                    "spec": "/pa/terrain/lava/brushes/lava_volcano_04.json",
                    "weight": [
                        0,
                        0,
                        0,
                        0
                    ],
                    "proj": "BP_Bend",
                    "op": "BO_Add",
                    "transform": [
                        0.7753643989562988,
                        -0.06686867028474808,
                        -0.34181660413742065,
                        -242.10018920898438,
                        -0.06686867028474808,
                        0.790090024471283,
                        -0.3062456548213959,
                        -216.90618896484375,
                        0.34181660413742065,
                        0.3062456548213959,
                        0.7154543995857239,
                        506.7385559082031
                    ],
                    "scale": [
                        0.8500000238418579,
                        0.8500000238418579,
                        0.8500000238418579
                    ],
                    "rotation": 0,
                    "position": [
                        -242.10020446777344,
                        -216.90618896484375,
                        506.738525390625
                    ],
                    "height": 602.0338745117188,
                    "weightHard": false,
                    "weightScale": [
                        1,
                        1,
                        1
                    ],
                    "mirrored": false,
                    "twinId": 0,
                    "flooded": false,
                    "pathable": false,
                    "mergeable": false,
                    "no_features": false
                },
                {
                    "spec": "/pa/terrain/lava/brushes/lava_plateau_09.json",
                    "weight": [
                        0,
                        0,
                        0,
                        0
                    ],
                    "proj": "BP_Bend",
                    "op": "BO_Add",
                    "transform": [
                        0.9286947250366211,
                        -0.10144916921854019,
                        -0.35669904947280884,
                        -213.2935791015625,
                        -0.10144916921854019,
                        0.8556637763977051,
                        -0.507491409778595,
                        -303.462158203125,
                        0.35669904947280884,
                        0.507491409778595,
                        0.7843585014343262,
                        469.0190124511719
                    ],
                    "scale": [
                        1,
                        1,
                        1
                    ],
                    "rotation": 0,
                    "position": [
                        -213.29354858398438,
                        -303.46209716796875,
                        469.01904296875
                    ],
                    "height": 597.965087890625,
                    "weightHard": false,
                    "weightScale": [
                        1,
                        1,
                        1
                    ],
                    "mirrored": false,
                    "twinId": 0,
                    "flooded": false,
                    "pathable": false,
                    "mergeable": false,
                    "no_features": false
                },
                {
                    "spec": "/pa/terrain/lava/brushes/lava_plateau_08.json",
                    "weight": [
                        0,
                        0,
                        0,
                        0
                    ],
                    "proj": "BP_Bend",
                    "op": "BO_Add",
                    "transform": [
                        0.9824283719062805,
                        -0.05015094205737114,
                        -0.17977577447891235,
                        -107.21613311767578,
                        -0.05015094205737114,
                        0.8568646907806396,
                        -0.513096272945404,
                        -306.0045166015625,
                        0.17977577447891235,
                        0.513096272945404,
                        0.8392931222915649,
                        500.5444641113281
                    ],
                    "scale": [
                        1,
                        1,
                        1
                    ],
                    "rotation": 0,
                    "position": [
                        -107.21614074707031,
                        -306.0045166015625,
                        500.54443359375
                    ],
                    "height": 596.3881225585938,
                    "weightHard": false,
                    "weightScale": [
                        1,
                        1,
                        1
                    ],
                    "mirrored": false,
                    "twinId": 0,
                    "flooded": false,
                    "pathable": false,
                    "mergeable": false,
                    "no_features": false
                },
                {
                    "spec": "/pa/terrain/lava/brushes/lava_plateau_09.json",
                    "weight": [
                        0,
                        0,
                        0,
                        0
                    ],
                    "proj": "BP_Bend",
                    "op": "BO_Add",
                    "transform": [
                        0.9639584422111511,
                        -0.060608651489019394,
                        -0.2590573728084564,
                        -154.68675231933594,
                        -0.060608651489019394,
                        0.8980785608291626,
                        -0.4356392025947571,
                        -260.126220703125,
                        0.2590573728084564,
                        0.4356392025947571,
                        0.862036943435669,
                        514.7342529296875
                    ],
                    "scale": [
                        1,
                        1,
                        1
                    ],
                    "rotation": 0,
                    "position": [
                        -154.68675231933594,
                        -260.126220703125,
                        514.7342529296875
                    ],
                    "height": 597.1138916015625,
                    "weightHard": false,
                    "weightScale": [
                        1,
                        1,
                        1
                    ],
                    "mirrored": false,
                    "twinId": 0,
                    "flooded": false,
                    "pathable": false,
                    "mergeable": false,
                    "no_features": false
                },
                {
                    "spec": "/pa/terrain/lava/brushes/lava_plateau_03.json",
                    "weight": [
                        0,
                        0,
                        0,
                        0
                    ],
                    "proj": "BP_Bend",
                    "op": "BO_Add",
                    "transform": [
                        0.9484872817993164,
                        -0.08452880382537842,
                        -0.3053306043148041,
                        -182.37644958496094,
                        -0.08452880382537842,
                        0.8612940907478333,
                        -0.5010263323783875,
                        -299.26708984375,
                        0.3053306043148041,
                        0.5010263323783875,
                        0.8097813725471497,
                        483.68896484375
                    ],
                    "scale": [
                        1,
                        1,
                        1
                    ],
                    "rotation": 0,
                    "position": [
                        -182.37643432617188,
                        -299.2670593261719,
                        483.68896484375
                    ],
                    "height": 597.30810546875,
                    "weightHard": false,
                    "weightScale": [
                        1,
                        1,
                        1
                    ],
                    "mirrored": false,
                    "twinId": 0,
                    "flooded": false,
                    "pathable": false,
                    "mergeable": false,
                    "no_features": false
                },
                {
                    "spec": "/pa/terrain/lava/brushes/lava_crack_04.json",
                    "weight": [
                        0,
                        0,
                        0,
                        0
                    ],
                    "proj": "BP_Bend",
                    "op": "BO_Subtract",
                    "transform": [
                        -0.07238803058862686,
                        -0.5233874917030334,
                        -0.28429847955703735,
                        -283.01104736328125,
                        -0.5233874917030334,
                        0.19259466230869293,
                        -0.2212982028722763,
                        -220.2960662841797,
                        0.28429847955703735,
                        0.2212982028722763,
                        -0.4797934293746948,
                        -477.6206970214844
                    ],
                    "scale": [
                        0.6000000238418579,
                        0.6000000238418579,
                        0.6000000238418579
                    ],
                    "rotation": 0,
                    "position": [
                        -283.01104736328125,
                        -220.29608154296875,
                        -477.6204833984375
                    ],
                    "height": 597.282958984375,
                    "weightHard": false,
                    "weightScale": [
                        1,
                        1,
                        1
                    ],
                    "mirrored": false,
                    "twinId": 0,
                    "flooded": false,
                    "pathable": false,
                    "mergeable": false,
                    "no_features": true
                },
                {
                    "spec": "/pa/terrain/lava/brushes/lava_crack_03.json",
                    "weight": [
                        0,
                        0,
                        0,
                        0
                    ],
                    "proj": "BP_Bend",
                    "op": "BO_Subtract",
                    "transform": [
                        -0.08772611618041992,
                        -0.548100471496582,
                        -0.22779370844364166,
                        -227.0906982421875,
                        -0.548100471496582,
                        0.16317766904830933,
                        -0.18154588341712952,
                        -180.985595703125,
                        0.22779370844364166,
                        0.18154588341712952,
                        -0.5245484709739685,
                        -522.9296264648438
                    ],
                    "scale": [
                        0.6000000238418579,
                        0.6000000238418579,
                        0.6000000238418579
                    ],
                    "rotation": 0,
                    "position": [
                        -227.0906982421875,
                        -180.985595703125,
                        -522.9296875
                    ],
                    "height": 598.1483154296875,
                    "weightHard": false,
                    "weightScale": [
                        1,
                        1,
                        1
                    ],
                    "mirrored": false,
                    "twinId": 0,
                    "flooded": false,
                    "pathable": false,
                    "mergeable": false,
                    "no_features": true
                },
                {
                    "spec": "/pa/terrain/lava/brushes/lava_plateau_09.json",
                    "weight": [
                        0,
                        0,
                        0,
                        0
                    ],
                    "proj": "BP_Bend",
                    "op": "BO_Add",
                    "transform": [
                        0.8084322214126587,
                        -0.13407716155052185,
                        0.5731149315834045,
                        347.03240966796875,
                        -0.13407716155052185,
                        0.9061601758003235,
                        0.40111976861953735,
                        242.88595581054688,
                        -0.5731149315834045,
                        -0.40111976861953735,
                        0.7145923972129822,
                        432.6998291015625
                    ],
                    "scale": [
                        1,
                        1,
                        1
                    ],
                    "rotation": 0,
                    "position": [
                        347.0323791503906,
                        242.8859405517578,
                        432.6998291015625
                    ],
                    "height": 605.519775390625,
                    "weightHard": false,
                    "weightScale": [
                        1,
                        1,
                        1
                    ],
                    "mirrored": false,
                    "twinId": 0,
                    "flooded": false,
                    "pathable": false,
                    "mergeable": false,
                    "no_features": false
                },
                {
                    "spec": "/pa/terrain/lava/brushes/lava_plateau_09.json",
                    "weight": [
                        0,
                        0,
                        0,
                        0
                    ],
                    "proj": "BP_Bend",
                    "op": "BO_Add",
                    "transform": [
                        0.03569594770669937,
                        0.851222038269043,
                        0.5235903263092041,
                        316.1249084472656,
                        -0.8764057755470276,
                        -0.22511062026023865,
                        0.425720751285553,
                        257.0347900390625,
                        0.4802486300468445,
                        -0.4740740656852722,
                        0.7379803657531738,
                        445.56585693359375
                    ],
                    "scale": [
                        1,
                        1,
                        1
                    ],
                    "rotation": -1.679998755455017,
                    "position": [
                        316.12493896484375,
                        257.0347900390625,
                        445.5658874511719
                    ],
                    "height": 603.7638549804688,
                    "weightHard": false,
                    "weightScale": [
                        1,
                        1,
                        1
                    ],
                    "mirrored": false,
                    "twinId": 0,
                    "flooded": false,
                    "pathable": false,
                    "mergeable": false,
                    "no_features": false
                },
                {
                    "spec": "/pa/terrain/lava/brushes/lava_volcano_06.json",
                    "weight": [
                        0,
                        0,
                        0,
                        0
                    ],
                    "proj": "BP_Bend",
                    "op": "BO_Add",
                    "transform": [
                        0.004040360450744629,
                        -0.8291264176368713,
                        -0.5590466260910034,
                        -333.8775939941406,
                        -0.8291264176368713,
                        0.30976051092147827,
                        -0.46540069580078125,
                        -277.9497375488281,
                        0.5590466260910034,
                        0.46540069580078125,
                        -0.6861991882324219,
                        -409.8164978027344
                    ],
                    "scale": [
                        1,
                        1,
                        1
                    ],
                    "rotation": 0,
                    "position": [
                        -333.87744140625,
                        -277.9496154785156,
                        -409.8165283203125
                    ],
                    "height": 597.2267456054688,
                    "weightHard": false,
                    "weightScale": [
                        1,
                        1,
                        1
