{
    "name": "Wreck",
    "description": "With two unequal (but balanced) spawn planets, it is a race to get weapons of mass-destruction.",
    "creator": "SonicBlue22",
    "version": "1.0",
    "players": [ 6, 10 ],
    "planets": [
        {
            "name": "Bismark",
            "mass": 35000,
            "position_x": 20000,
            "position_y": 0,
            "velocity_x": -0.000006911377113283379,
            "velocity_y": 158.11387634277344,
            "required_thrust_to_move": 0,
            "starting_planet": false,
            "respawn": false,
            "start_destroyed": false,
            "min_spawn_delay": 0,
            "max_spawn_delay": 0,
            "planet": {
                "seed": 1288988032,
                "radius": 760,
                "heightRange": 0,
                "waterHeight": 0,
                "waterDepth": 100,
                "temperature": 50,
                "metalDensity": 75,
                "metalClusters": 100,
                "metalSpotLimit": -1,
                "biomeScale": 50,
                "biome": "metal",
                "symmetryType": "none",
                "symmetricalMetal": false,
                "symmetricalStarts": false,
                "numArmies": 2,
                "landingZonesPerArmy": 0,
                "landingZoneSize": 0
            }
        },
        {
            "name": "Bonzackia",
            "mass": 5000,
            "position_x": 17500,
            "position_y": 0.0035762786865234375,
            "velocity_x": -0.00037382420850917697,
            "velocity_y": -106.46125793457031,
            "required_thrust_to_move": 4,
            "starting_planet": false,
            "respawn": false,
            "start_destroyed": false,
            "min_spawn_delay": 0,
            "max_spawn_delay": 0,
            "planet": {
                "seed": 1917220224,
                "radius": 290,
                "heightRange": 50,
                "waterHeight": 0,
                "waterDepth": 100,
                "temperature": 0,
                "metalDensity": 25,
                "metalClusters": 25,
                "metalSpotLimit": -1,
                "biomeScale": 50,
                "biome": "moon",
                "symmetryType": "none",
                "symmetricalMetal": false,
                "symmetricalStarts": false,
                "numArmies": 2,
                "landingZonesPerArmy": 0,
                "landingZoneSize": 0
            }
        },
        {
            "name": "Ironside",
            "mass": 10000,
            "position_x": 25000,
            "position_y": 0.0028076171875,
            "velocity_x": 0.00010631768964231014,
            "velocity_y": -28.968994140625,
            "required_thrust_to_move": 0,
            "starting_planet": true,
            "respawn": false,
            "start_destroyed": false,
            "min_spawn_delay": 0,
            "max_spawn_delay": 0,
            "planet": {
                "seed": 1086946816,
                "radius": 400,
                "heightRange": 35,
                "waterHeight": 34,
                "waterDepth": 100,
                "temperature": 0,
                "metalDensity": 0,
                "metalClusters": 0,
                "metalSpotLimit": -1,
                "biomeScale": 50,
                "biome": "earth",
                "symmetryType": "none",
                "symmetricalMetal": false,
                "symmetricalStarts": false,
                "numArmies": 2,
                "landingZonesPerArmy": 1,
                "landingZoneSize": 0
            },
            "planetCSG": [
                {
                    "spec": "/pa/terrain/ice/brushes/ice_cliff_11.json",
                    "weight": [
                        1,
                        1,
                        1,
                        1
                    ],
                    "proj": "BP_Bend",
                    "op": "BO_Add",
                    "transform": [
                        0.0391538068652153,
                        0.05238843336701393,
                        0.997859001159668,
                        405.72509765625,
                        -0.5973697304725647,
                        -0.7992945909500122,
                        0.06540312618017197,
                        26.59262466430664,
                        0.8010096549987793,
                        -0.5986515879631042,
                        -1.1920928955078125e-7,
                        -0.000048469973989995196
                    ],
                    "scale": [
                        1,
                        1,
                        1
                    ],
                    "rotation": 3.8488590717315674,
                    "position": [
                        405.7250671386719,
                        26.59262466430664,
                        0
                    ],
                    "height": 406.5956115722656,
                    "weightHard": true,
                    "weightScale": [
                        4,
                        4,
                        4
                    ],
                    "mirrored": false,
                    "twinId": 0,
                    "flooded": false,
                    "pathable": false,
                    "mergeable": false,
                    "no_features": false
                },
                {
                    "spec": "/pa/terrain/ice/brushes/ice_cliff_09.json",
                    "weight": [
                        1,
                        1,
                        1,
                        1
                    ],
                    "proj": "BP_Bend",
                    "op": "BO_Add",
                    "transform": [
                        0.004081428050994873,
                        -0.8842015266418457,
                        0.46708786487579346,
                        188.57330322265625,
                        0.5143724083900452,
                        -0.3987049460411072,
                        -0.7592465877532959,
                        -306.52398681640625,
                        0.8575572371482849,
                        0.2433559149503708,
                        0.45318150520324707,
                        182.95899963378906
                    ],
                    "scale": [
                        1,
                        1,
                        1
                    ],
                    "rotation": 1.8458081483840942,
                    "position": [
                        188.57330322265625,
                        -306.5239562988281,
                        182.95901489257812
                    ],
                    "height": 403.72125244140625,
                    "weightHard": true,
                    "weightScale": [
                        2,
                        2,
                        2
                    ],
                    "mirrored": false,
                    "twinId": 0,
                    "flooded": false,
                    "pathable": false,
                    "mergeable": false,
                    "no_features": false
                },
                {
                    "spec": "/pa/terrain/ice/brushes/ice_cliff_11.json",
                    "weight": [
                        1,
                        1,
                        1,
                        1
                    ],
                    "proj": "BP_Bend",
                    "op": "BO_Add",
                    "transform": [
                        -0.1844787299633026,
                        -0.24603325128555298,
                        -0.9515435099601746,
                        -392.17681884765625,
                        -0.49261602759361267,
                        0.8609159588813782,
                        -0.12709534168243408,
                        -52.38209915161133,
                        0.850468635559082,
                        0.4452992081642151,
                        -0.2800205945968628,
                        -115.40995025634766
                    ],
                    "scale": [
                        1,
                        1,
                        1
                    ],
                    "rotation": 5.933623790740967,
                    "position": [
                        -392.1768493652344,
                        -52.38210678100586,
                        -115.40995025634766
                    ],
                    "height": 412.1480712890625,
                    "weightHard": true,
                    "weightScale": [
                        4,
                        4,
                        4
                    ],
                    "mirrored": false,
                    "twinId": 0,
                    "flooded": false,
                    "pathable": false,
                    "mergeable": false,
                    "no_features": false
                },
                {
                    "spec": "/pa/terrain/ice/brushes/ice_cliff_09.json",
                    "weight": [
                        1,
                        1,
                        1,
                        1
                    ],
                    "proj": "BP_Bend",
                    "op": "BO_Add",
                    "transform": [
                        -0.948835551738739,
                        0.06640365719795227,
                        -0.30870962142944336,
                        -123.79093933105469,
                        0.041619423776865005,
                        -0.942811131477356,
                        -0.33071884512901306,
                        -132.61651611328125,
                        -0.31301581859588623,
                        -0.3266461193561554,
                        0.8918090462684631,
                        357.6107482910156
                    ],
                    "scale": [
                        1,
                        1,
                        1
                    ],
                    "rotation": 3.154693841934204,
                    "position": [
                        -123.79094696044922,
                        -132.61651611328125,
                        357.6107482910156
                    ],
                    "height": 400.9947509765625,
                    "weightHard": true,
                    "weightScale": [
                        2,
                        2,
                        2
                    ],
                    "mirrored": false,
                    "twinId": 0,
                    "flooded": false,
                    "pathable": false,
                    "mergeable": false,
                    "no_features": false
                },
                {
                    "spec": "/pa/terrain/ice/brushes/ice_cliff_11.json",
                    "weight": [
                        1,
                        1,
                        1,
                        1
                    ],
                    "proj": "BP_Bend",
                    "op": "BO_Add",
                    "transform": [
                        -0.5682458877563477,
                        -0.5545843243598938,
                        -0.6078921556472778,
                        -248.56430053710938,
                        0.6651177406311035,
                        -0.7445219159126282,
                        0.05749340355396271,
                        23.508787155151367,
                        -0.48447397351264954,
                        -0.37164947390556335,
                        0.791935384273529,
                        323.8187255859375
                    ],
                    "scale": [
                        1,
                        1,
                        1
                    ],
                    "rotation": 2.3929269313812256,
                    "position": [
                        -248.56430053710938,
                        23.5087890625,
                        323.8186950683594
                    ],
                    "height": 408.8953857421875,
                    "weightHard": true,
                    "weightScale": [
                        4,
                        4,
                        4
                    ],
                    "mirrored": false,
                    "twinId": 0,
                    "flooded": false,
                    "pathable": false,
                    "mergeable": false,
                    "no_features": false
                },
                {
                    "spec": "/pa/terrain/ice/brushes/ice_cliff_11.json",
                    "weight": [
                        1,
                        1,
                        1,
                        1
                    ],
                    "proj": "BP_Bend",
                    "op": "BO_Add",
                    "transform": [
                        0.40369266271591187,
                        0.5322844982147217,
                        0.7441138029098511,
                        288.35296630859375,
                        0.7583226561546326,
                        -0.6496933102607727,
                        0.053341805934906006,
                        20.670583724975586,
                        0.5118387937545776,
                        0.5427446365356445,
                        -0.6659197807312012,
                        -258.0518493652344
                    ],
                    "scale": [
                        1,
                        1,
                        1
                    ],
                    "rotation": 2.3984591960906982,
                    "position": [
                        288.3529357910156,
                        20.670581817626953,
                        -258.0518798828125
                    ],
                    "height": 387.51190185546875,
                    "weightHard": true,
                    "weightScale": [
                        4,
                        4,
                        4
                    ],
                    "mirrored": false,
                    "twinId": 0,
                    "flooded": false,
                    "pathable": false,
                    "mergeable": false,
                    "no_features": false
                },
                {
                    "spec": "/pa/terrain/ice/brushes/ice_cliff_09.json",
                    "weight": [
                        1,
                        1,
                        1,
                        1
                    ],
                    "proj": "BP_Bend",
                    "op": "BO_Add",
                    "transform": [
                        0.34925150871276855,
                        -0.9345161318778992,
                        0.0685780867934227,
                        26.713823318481445,
                        0.32405439019203186,
                        0.05178751051425934,
                        -0.94461989402771,
                        -367.966064453125,
                        0.8792110681533813,
                        0.3521329462528229,
                        0.3209209442138672,
                        125.01114654541016
                    ],
                    "scale": [
                        1,
                        1,
                        1
                    ],
                    "rotation": 1.2623217105865479,
                    "position": [
                        26.713823318481445,
                        -367.9660949707031,
                        125.01114654541016
                    ],
                    "height": 389.53875732421875,
                    "weightHard": true,
                    "weightScale": [
                        2,
                        2,
                        2
                    ],
                    "mirrored": false,
                    "twinId": 0,
                    "flooded": false,
                    "pathable": false,
                    "mergeable": false,
                    "no_features": false
                },
                {
                    "spec": "/pa/terrain/ice/brushes/ice_cliff_11.json",
                    "weight": [
                        1,
                        1,
                        1,
                        1
                    ],
                    "proj": "BP_Bend",
                    "op": "BO_Add",
                    "transform": [
                        0.9822352528572083,
                        0.1793237328529358,
                        -0.055289026349782944,
                        -22.816057205200195,
                        0.17437097430229187,
                        -0.7633181810379028,
                        0.6220452785491943,
                        256.6986999511719,
                        0.06934436410665512,
                        -0.6206356287002563,
                        -0.7810268402099609,
                        -322.305419921875
                    ],
                    "scale": [
                        1,
                        1,
                        1
                    ],
                    "rotation": 6.260565280914307,
                    "position": [
                        -22.816057205200195,
                        256.69866943359375,
                        -322.3055114746094
                    ],
                    "height": 412.6688232421875,
                    "weightHard": true,
                    "weightScale": [
                        4,
                        4,
                        4
                    ],
                    "mirrored": false,
                    "twinId": 0,
                    "flooded": false,
                    "pathable": false,
                    "mergeable": false,
                    "no_features": false
                },
                {
                    "spec": "/pa/terrain/ice/brushes/ice_cliff_09.json",
                    "weight": [
                        1,
                        1,
                        1,
                        1
                    ],
                    "proj": "BP_Bend",
                    "op": "BO_Add",
                    "transform": [
                        0.6639660000801086,
                        0.2458929717540741,
                        0.7061768770217896,
                        274.9536437988281,
                        -0.6856313943862915,
                        -0.17670243978500366,
                        0.7061768770217896,
                        274.9536437988281,
                        0.29842713475227356,
                        -0.9530545473098755,
                        0.05126750469207764,
                        19.96126937866211
                    ],
                    "scale": [
                        1,
                        1,
                        1
                    ],
                    "rotation": 5.194331169128418,
                    "position": [
                        274.9536437988281,
                        274.9536437988281,
                        19.961265563964844
                    ],
                    "height": 389.3551940917969,
                    "weightHard": true,
                    "weightScale": [
                        2,
                        2,
                        2
                    ],
                    "mirrored": false,
                    "twinId": 0,
                    "flooded": false,
                    "pathable": false,
                    "mergeable": false,
                    "no_features": false
                },
                {
                    "spec": "/pa/terrain/ice/brushes/ice_cliff_11.json",
                    "weight": [
                        1,
                        1,
                        1,
                        1
                    ],
                    "proj": "BP_Bend",
                    "op": "BO_Add",
                    "transform": [
                        -0.6845963001251221,
                        0.7065566182136536,
                        -0.1791803240776062,
                        -70.5547866821289,
                        -0.5037314295768738,
                        -0.28090909123420715,
                        0.8169116377830505,
                        321.6705322265625,
                        0.5268609523773193,
                        0.6495134830474854,
                        0.5482240915298462,
                        215.87100219726562
                    ],
                    "scale": [
                        1,
                        1,
                        1
                    ],
                    "rotation": 4.039022445678711,
                    "position": [
                        -70.55479431152344,
                        321.6705627441406,
                        215.8709716796875
                    ],
                    "height": 393.76416015625,
                    "weightHard": true,
                    "weightScale": [
                        4,
                        4,
                        4
                    ],
                    "mirrored": false,
                    "twinId": 0,
                    "flooded": false,
                    "pathable": false,
                    "mergeable": false,
                    "no_features": false
                },
                {
                    "spec": "/pa/terrain/ice/brushes/ice_cliff_09.json",
                    "weight": [
                        1,
                        1,
                        1,
                        1
                    ],
                    "proj": "BP_Bend",
                    "op": "BO_Add",
                    "transform": [
                        -0.4380788207054138,
                        -0.21882128715515137,
                        0.8718969225883484,
                        355.2924499511719,
                        0.8808475732803345,
                        -0.2980889081954956,
                        0.3677642047405243,
                        149.861572265625,
                        0.17942816019058228,
                        0.9291180372238159,
                        0.32333463430404663,
                        131.75680541992188
                    ],
                    "scale": [
                        1,
                        1,
                        1
                    ],
                    "rotation": 2.160719871520996,
                    "position": [
                        355.2925109863281,
                        149.86158752441406,
                        131.75680541992188
                    ],
                    "height": 407.4936218261719,
                    "weightHard": true,
                    "weightScale": [
                        2,
                        2,
                        2
                    ],
                    "mirrored": false,
                    "twinId": 0,
                    "flooded": false,
                    "pathable": false,
                    "mergeable": false,
                    "no_features": false
                },
                {
                    "spec": "/pa/terrain/ice/brushes/ice_cliff_09.json",
                    "weight": [
                        1,
                        1,
                        1,
                        1
                    ],
                    "proj": "BP_Bend",
                    "op": "BO_Add",
                    "transform": [
                        -0.3829696774482727,
                        -0.7343392968177795,
                        -0.5604284405708313,
                        -226.3261260986328,
                        0.49178940057754517,
                        0.3514831066131592,
                        -0.7966196537017822,
                        -321.7107238769531,
                        0.781970202922821,
                        -0.5806939005851746,
                        0.2265329360961914,
                        91.4841537475586
                    ],
                    "scale": [
                        1,
                        1,
                        1
                    ],
                    "rotation": 1.5964703559875488,
                    "position": [
                        -226.32606506347656,
                        -321.71063232421875,
                        91.48411560058594
                    ],
                    "height": 403.8448181152344,
                    "weightHard": true,
                    "weightScale": [
                        2,
                        2,
                        2
                    ],
                    "mirrored": false,
                    "twinId": 0,
                    "flooded": false,
                    "pathable": false,
                    "mergeable": false,
                    "no_features": false
                },
                {
                    "spec": "/pa/terrain/ice/brushes/ice_cliff_09.json",
                    "weight": [
                        1,
                        1,
                        1,
                        1
                    ],
                    "proj": "BP_Bend",
                    "op": "BO_Add",
                    "transform": [
                        -0.6167409420013428,
                        0.7382400035858154,
                        -0.273189514875412,
                        -110.56742095947266,
                        0.03211721032857895,
                        0.37036505341529846,
                        0.9283308982849121,
                        375.7214050292969,
                        0.7865107655525208,
                        0.5637655258178711,
                        -0.2521294355392456,
                        -102.04381561279297
                    ],
                    "scale": [
                        1,
                        1,
                        1
                    ],
                    "rotation": 4.376682281494141,
                    "position": [
                        -110.56742095947266,
                        375.721435546875,
                        -102.04383087158203
                    ],
                    "height": 404.7279052734375,
                    "weightHard": true,
                    "weightScale": [
                        2,
                        2,
                        2
                    ],
                    "mirrored": false,
                    "twinId": 0,
                    "flooded": false,
                    "pathable": false,
                    "mergeable": false,
                    "no_features": false
                },
                {
                    "spec": "/pa/terrain/ice/brushes/ice_cliff_10.json",
                    "weight": [
                        1,
                        1,
                        1,
                        1
                    ],
                    "proj": "BP_Bend",
                    "op": "BO_Add",
                    "transform": [
                        0.7049177885055542,
                        -0.2703996002674103,
                        0.6557248830795288,
                        268.38323974609375,
                        0.4426082372665405,
                        0.8900942206382751,
                        -0.10876709967851639,
                        -44.51755142211914,
                        -0.5542463660240173,
                        0.36690109968185425,
                        0.7471243143081665,
                        305.7923278808594
                    ],
                    "scale": [
                        1,
                        1,
                        1
                    ],
                    "rotation": 0.42037591338157654,
                    "position": [
                        268.3831787109375,
                        -44.517547607421875,
                        305.7923278808594
                    ],
                    "height": 409.2924499511719,
                    "weightHard": true,
                    "weightScale": [
                        2,
                        2,
                        2
                    ],
                    "mirrored": false,
                    "twinId": 0,
                    "flooded": false,
                    "pathable": false,
                    "mergeable": false,
                    "no_features": false
                },
                {
                    "spec": "/pa/terrain/ice/brushes/ice_cliff_05.json",
                    "weight": [
                        1,
                        1,
                        1,
                        1
                    ],
                    "proj": "BP_Bend",
                    "op": "BO_Add",
                    "transform": [
                        0.8630690574645996,
                        0.4998912215232849,
                        0.07225351780653,
                        28.0189208984375,
                        0.09520013630390167,
                        -0.020512863993644714,
                        -0.9952467083930969,
                        -385.9429931640625,
                        -0.4960329532623291,
                        0.8658451437950134,
                        -0.06529378890991211,
                        -25.32003402709961
                    ],
                    "scale": [
                        1,
                        1,
                        1
                    ],
                    "rotation": 5.8354105949401855,
                    "position": [
                        28.018930435180664,
                        -385.943115234375,
                        -25.32006072998047
                    ],
                    "height": 387.7862548828125,
                    "weightHard": true,
                    "weightScale": [
                        2,
                        2,
                        2
                    ],
                    "mirrored": false,
                    "twinId": 0,
                    "flooded": false,
                    "pathable": false,
                    "mergeable": false,
                    "no_features": false
                },
                {
                    "spec": "/pa/terrain/ice/brushes/ice_cliff_06.json",
                    "weight": [
                        1,
                        1,
                        1,
                        1
                    ],
                    "proj": "BP_Bend",
                    "op": "BO_Add",
                    "transform": [
                        -0.354367733001709,
                        0.5497817397117615,
                        0.7564147710800171,
                        309.294921875,
                        -0.8394263982772827,
                        0.16941556334495544,
                        -0.5163928866386414,
                        -211.1509552001953,
                        -0.41205188632011414,
                        -0.817947506904602,
                        0.4014659523963928,
                        164.1577911376953
                    ],
                    "scale": [
                        1,
                        1,
                        1
                    ],
                    "rotation": 4.5800323486328125,
                    "position": [
                        309.2949523925781,
                        -211.15097045898438,
                        164.1577606201172
                    ],
                    "height": 408.89593505859375,
                    "weightHard": true,
                    "weightScale": [
                        2,
                        2,
                        2
                    ],
                    "mirrored": false,
                    "twinId": 0,
                    "flooded": false,
                    "pathable": false,
                    "mergeable": false,
                    "no_features": false
                },
                {
                    "spec": "/pa/terrain/ice/brushes/ice_cliff_05.json",
                    "weight": [
                        1,
                        1,
                        1,
                        1
                    ],
                    "proj": "BP_Bend",
                    "op": "BO_Add",
                    "transform": [
                        -0.9525204300880432,
                        -0.1684265434741974,
                        -0.25364813208580017,
                        -100.1024169921875,
                        -0.053494494408369064,
                        -0.7275348901748657,
                        0.6839819550514221,
                        269.9339904785156,
                        -0.2997385859489441,
                        0.6650756001472473,
                        0.6839818954467773,
                        269.9339599609375
                    ],
                    "scale": [
                        1,
                        1,
                        1
                    ],
                    "rotation": 3.073289394378662,
                    "position": [
                        -100.10243225097656,
                        269.9339904785156,
                        269.9339599609375
                    ],
                    "height": 394.6507263183594,
                    "weightHard": true,
                    "weightScale": [
                        2,
                        2,
                        2
                    ],
                    "mirrored": false,
                    "twinId": 0,
                    "flooded": false,
                    "pathable": false,
                    "mergeable": false,
                    "no_features": false
                },
                {
                    "spec": "/pa/terrain/ice/brushes/ice_cliff_06.json",
                    "weight": [
                        1,
                        1,
                        1,
                        1
                    ],
                    "proj": "BP_Bend",
                    "op": "BO_Add",
                    "transform": [
                        -0.182534858584404,
                        0.21536000072956085,
                        -0.9593232274055481,
                        -397.53955078125,
                        -0.7628496885299683,
                        -0.6465758681297302,
                        8.386669492210785e-8,
                        0.00003475400808383711,
                        -0.6202752590179443,
                        0.7318194508552551,
                        0.28230994939804077,
                        116.98806762695312
                    ],
                    "scale": [
                        1,
                        1,
                        1
                    ],
                    "rotation": 4.009301662445068,
                    "position": [
                        -397.5395812988281,
                        0.000034754011721815914,
                        116.98808288574219
                    ],
                    "height": 414.3958435058594,
                    "weightHard": true,
                    "weightScale": [
                        2,
                        2,
                        2
                    ],
                    "mirrored": false,
                    "twinId": 0,
                    "flooded": false,
                    "pathable": false,
                    "mergeable": false,
                    "no_features": false
                },
                {
                    "spec": "/pa/terrain/ice/brushes/ice_cliff_06.json",
                    "weight": [
                        1,
                        1,
                        1,
                        1
                    ],
                    "proj": "BP_Bend",
                    "op": "BO_Add",
                    "transform": [
                        0.5680067539215088,
                        0.7996461987495422,
                        0.19476746022701263,
                        75.13349914550781,
                        0.8212855458259583,
                        -0.5660793781280518,
                        -0.07102122902870178,
                        -27.39715003967285,
                        0.05346200615167618,
                        0.20030026137828827,
                        -0.978274941444397,
                        -377.3793640136719
                    ],
                    "scale": [
                        1,
                        1,
                        1
                    ],
                    "rotation": 1.4819625616073608,
                    "position": [
                        75.1336898803711,
                        -27.397218704223633,
                        -377.3792724609375
                    ],
                    "height": 385.760009765625,
                    "weightHard": true,
                    "weightScale": [
                        2,
                        2,
                        2
                    ],
                    "mirrored": false,
                    "twinId": 0,
                    "flooded": false,
                    "pathable": false,
                    "mergeable": false,
                    "no_features": false
                },
                {
                    "spec": "/pa/terrain/ice/brushes/ice_cliff_07.json",
                    "weight": [
                        1,
                        1,
                        1,
                        1
                    ],
                    "proj": "BP_Bend",
                    "op": "BO_Add",
                    "transform": [
                        -0.8132807016372681,
                        -0.48376575112342834,
                        -0.32333463430404663,
                        -125.56123352050781,
                        0.05736084282398224,
                        0.4863182604312897,
                        -0.8718967437744141,
                        -338.5855407714844,
                        0.5790372490882874,
                        -0.7276434898376465,
                        -0.3677639961242676,
                        -142.81459045410156
                    ],
                    "scale": [
                        1,
                        1,
                        1
                    ],
                    "rotation": 2.114316940307617,
                    "position": [
                        -125.56122589111328,
                        -338.5855712890625,
                        -142.81466674804688
                    ],
                    "height": 388.3321533203125,
                    "weightHard": true,
                    "weightScale": [
                        2,
                        2,
                        2
                    ],
                    "mirrored": false,
                    "twinId": 0,
                    "flooded": false,
                    "pathable": false,
                    "mergeable": false,
                    "no_features": false
                },
                {
                    "spec": "/pa/terrain/ice/brushes/ice_cliff_02.json",
                    "weight": [
                        1,
                        1,
                        1,
                        1
                    ],
                    "proj": "BP_Bend",
                    "op": "BO_Add",
                    "transform": [
                        -0.32999876141548157,
                        0.5614093542098999,
                        0.7588943839073181,
                        295.6690979003906,
                        0.0257643461227417,
                        0.8089863061904907,
                        -0.5872628092765808,
                        -228.80056762695312,
                        -0.9436299800872803,
                        -0.17424359917640686,
                        -0.28142881393432617,
                        -109.6460952758789
                    ],
                    "scale": [
                        1,
